1833 187 1
1829 170 1
1839 237 1
1835 224 1
1821 173 1
1827 172 1
1845 169 1
1835 187 1
1845 274 1
1824 154 1
1831 179 1
1824 165 1
1842 254 1
1824 172 1
1825 157 1
1823 150 1
1825 153 1
1822 161 1
1833 171 1
1835 224 1
1824 165 1
1839 237 1
1821 173 1
1830 170 1
1834 179 1
1828 174 1
1831 179 1
1824 165 1
1832 175 1
1824 160 1
1820 161 1
1834 179 1
1825 157 1
1827 172 1
1828 168 1
1834 166 1
1831 175 1
1832 178 1
1831 179 1
1834 180 1
1825 153 1
1835 187 1
1822 158 1
1831 170 1
1843 266 1
1822 158 1
1824 154 1
366 30 2
365 29 2
362 41 2
360 52 2
365 33 2
364 37 2
365 29 2
358 53 2
362 39 2
365 32 2
355 57 2
358 54 2
355 57 2
359 50 2
354 68 2
364 37 2
180 10 2
367 29 2
179 11 2
179 12 2
366 28 2
366 29 2
368 29 2
361 42 2
179 12 2
360 48 2
359 50 2
360 48 2
361 42 2
366 30 2
362 39 2
367 29 2
360 48 2
366 27 2
368 29 2
364 37 2
364 38 2
353 73 2
355 60 2
182 11 2
358 54 2
364 37 2
368 28 2
354 71 2
362 39 2
372 28 2
355 60 2