1833 187 1
1829 170 1
1839 237 1
1835 224 1
1821 173 1
1827 172 1
1845 169 1
1835 187 1
1845 274 1
1824 154 1
1831 179 1
1824 165 1
1842 254 1
1824 172 1
1825 157 1
1823 150 1
1825 153 1
1822 161 1
1833 171 1
1835 224 1
1824 165 1
1839 237 1
1821 173 1
1830 170 1
1834 179 1
1828 174 1
1831 179 1
1824 165 1
1832 175 1
1824 160 1
1820 161 1
1834 179 1
1825 157 1
1827 172 1
1828 168 1
1834 166 1
1831 175 1
1832 178 1
1831 179 1
1834 180 1
1825 153 1
1835 187 1
1822 158 1
1831 170 1
1843 266 1
1822 158 1
1824 154 1
366 30 2
365 29 2
362 41 2
360 52 2
365 33 2
364 37 2
365 29 2
358 53 2
362 39 2
365 32 2
355 57 2
358 54 2
355 57 2
359 50 2
354 68 2
364 37 2
180 10 2
367 29 2
179 11 2
179 12 2
366 28 2
366 29 2
368 29 2
361 42 2
179 12 2
360 48 2
359 50 2
360 48 2
361 42 2
366 30 2
362 39 2
367 29 2
360 48 2
366 27 2
368 29 2
364 37 2
364 38 2
353 73 2
355 60 2
182 11 2
358 54 2
364 37 2
368 28 2
354 71 2
362 39 2
372 28 2
355 60 2
179 19 3
179 19 3
366 29 3
181 9 3
179 13 3
179 20 3
179 9 3
364 38 3
182 11 3
179 13 3
179 11 3
179 19 3
182 10 3
179 10 3
364 38 3
182 10 3
365 30 3
181 9 3
179 13 3
364 37 3
181 10 3
179 11 3
179 10 3
179 14 3
179 10 3
179 10 3
179 19 3
179 12 3
179 19 3
179 11 3
179 13 3
179 19 3
179 10 3
181 11 3
179 9 3
179 20 3
182 10 3
179 12 3
179 19 3
182 10 3
179 13 3
179 9 3
182 11 3
182 10 3
183 9 3
182 11 3
179 13 3
47 8 4
46 13 4
48 8 4
48 8 4
48 7 4
46 13 4
48 7 4
46 12 4
46 13 4
46 13 4
45 13 4
48 7 4
47 13 4
47 11 4
45 12 4
47 12 4
48 7 4
46 13 4
98 4 4
48 7 4
48 8 4
48 7 4
46 13 4
46 13 4
47 12 4
47 12 4
47 8 4
47 11 4
47 10 4
47 13 4
46 13 4
47 11 4
46 13 4
47 8 4
46 13 4
48 7 4
48 7 4
48 7 4
47 10 4
46 11 4
46 14 4
47 11 4
46 11 4
47 11 4
48 7 4
47 11 4
98 1 4
94 11 5
94 10 5
131 21 5
94 11 5
94 10 5
131 21 5
95 10 5
94 10 5
96 7 5
98 7 5
95 10 5
122 32 5
94 10 5
94 11 5
95 10 5
96 7 5
95 10 5
131 21 5
122 29 5
96 9 5
98 6 5
131 18 5
94 11 5
98 8 5
96 9 5
98 7 5
95 10 5
128 18 5
98 6 5
98 7 5
96 10 5
130 14 5
131 20 5
98 8 5
96 8 5
132 18 5
122 29 5
97 8 5
122 32 5
130 12 5
94 10 5
96 8 5
97 8 5
131 17 5
96 8 5
130 11 5
96 9 5
94 9 6
92 1 6
94 10 6
126 29 6
98 6 6
130 25 6
124 33 6
122 31 6
131 19 6
129 28 6
129 28 6
92 1 6
124 31 6
92 1 6
129 28 6
98 6 6
127 29 6
128 14 6
94 9 6
127 29 6
131 22 6
126 29 6
98 6 6
122 36 6
124 31 6
131 18 6
128 28 6
125 31 6
98 6 6
129 28 6
120 36 6
92 2 6
98 6 6
122 31 6
130 25 6
98 5 6
127 31 6
98 6 6
98 6 6
122 31 6
131 22 6
130 26 6
120 37 6
125 31 6
130 26 6
130 26 6
94 10 6
92 1 7
92 1 7
92 4 7
92 4 7
92 1 7
92 4 7
92 4 7
92 1 7
92 5 7
92 1 7
92 4 7
6 2 7
92 1 7
92 1 7
92 4 7
131 18 7
92 1 7
92 1 7
92 2 7
92 1 7
92 1 7
92 1 7
92 2 7
98 6 7
92 1 7
92 1 7
92 1 7
92 1 7
92 2 7
92 5 7
92 0 7
92 2 7
92 1 7
92 1 7
6 1 7
92 1 7
92 1 7
92 0 7
92 1 7
92 0 7
92 1 7
6 1 7
92 5 7
6 1 7
7 1 7
7 1 7
7 1 7
7 1 8
19 3 8
18 2 8
250 21 8
6 4 8
7 0 8
6 2 8
18 5 8
250 22 8
18 13 8
7 1 8
6 2 8
18 3 8
18 13 8
6 2 8
18 4 8
6 2 8
6 2 8
18 3 8
6 2 8
6 2 8
6 2 8
18 7 8
18 4 8
18 4 8
6 4 8
7 1 8
19 2 8
6 2 8
7 1 8
18 3 8
6 2 8
6 2 8
18 9 8
18 2 8
6 2 8
18 2 8
18 2 8
6 2 8
7 1 8
6 2 8
19 3 8
6 4 8
6 4 8
250 20 8
6 2 8
6 4 8
18 9 9
249 20 9
251 24 9
18 13 9
49 7 9
18 9 9
18 13 9
49 5 9
251 26 9
18 3 9
249 22 9
250 19 9
18 4 9
250 21 9
18 5 9
6 3 9
253 26 9
18 9 9
18 13 9
18 4 9
18 3 9
249 21 9
18 11 9
249 20 9
18 4 9
253 26 9
250 22 9
248 16 9
2 6 9
18 4 9
17 13 9
18 11 9
19 3 9
6 3 9
250 24 9
249 21 9
18 13 9
19 3 9
250 18 9
250 24 9
19 3 9
18 4 9
249 19 9
17 14 9
18 3 9
18 4 9
17 15 9
2 6 10
13 1 10
250 21 10
1 5 10
254 33 10
92 1 10
249 23 10
44 30 10
250 24 10
6 2 10
253 26 10
255 38 10
253 30 10
249 19 10
13 1 10
92 0 10
253 30 10
13 2 10
249 23 10
2 7 10
13 1 10
254 33 10
49 7 10
6 2 10
251 26 10
250 19 10
255 38 10
6 2 10
257 57 10
248 21 10
249 22 10
256 39 10
2 1 10
255 47 10
13 1 10
253 30 10
2 5 10
254 33 10
2 1 10
249 23 10
250 19 10
257 52 10
255 39 10
49 6 10
249 21 10
92 0 10
249 21 10
2 4 11
41 40 11
1 5 11
2 4 11
6 2 11
1 1 11
1 5 11
49 6 11
37 54 11
49 6 11
41 39 11
1 5 11
2 5 11
92 0 11
13 2 11
2 4 11
2 5 11
2 5 11
2 5 11
6 2 11
44 30 11
40 45 11
49 7 11
2 5 11
92 0 11
45 12 11
13 1 11
99 5 11
44 30 11
41 40 11
13 2 11
6 2 11
44 30 11
13 2 11
40 45 11
2 5 11
2 3 11
2 5 11
1 4 11
41 40 11
1 4 11
37 57 11
49 6 11
37 57 11
2 5 11
13 1 11
2 4 11
49 6 12
48 8 12
13 1 12
13 2 12
13 2 12
13 2 12
1 4 12
13 2 12
14 8 12
49 7 12
1 5 12
2 6 12
48 8 12
96 45 12
49 5 12
2 4 12
45 21 12
7 0 12
49 7 12
1 5 12
1 5 12
49 7 12
13 1 12
46 13 12
13 2 12
49 8 12
7 0 12
49 6 12
2 6 12
13 2 12
49 8 12
47 8 12
13 1 12
2 4 12
49 7 12
2 1 12
13 2 12
7 0 12
49 6 12
13 2 12
48 8 12
2 4 12
13 4 12
1 5 12
1 4 12
48 8 12
2 1 12
46 13 13
2 6 13
11 10 13
44 24 13
49 7 13
14 7 13
49 6 13
13 1 13
45 12 13
13 3 13
50 5 13
2 4 13
2 4 13
44 21 13
13 2 13
11 10 13
13 2 13
13 1 13
1 4 13
45 10 13
11 10 13
49 7 13
13 1 13
49 7 13
14 4 13
44 24 13
13 1 13
7 1 13
11 10 13
44 24 13
13 1 13
33 6 13
1 4 13
13 2 13
2 1 13
49 7 13
49 7 13
1 5 13
1 5 13
47 8 13
2 5 13
47 8 13
13 1 13
49 7 13
13 2 13
49 6 13
1 4 13
13 1 14
49 5 14
11 10 14
13 2 14
45 10 14
96 44 14
13 1 14
99 6 14
13 1 14
1 5 14
14 8 14
47 12 14
13 1 14
13 1 14
45 21 14
14 8 14
14 7 14
13 3 14
2 7 14
13 1 14
45 10 14
13 1 14
2 7 14
2 5 14
2 4 14
44 27 14
1 5 14
2 4 14
44 27 14
2 1 14
7 1 14
49 6 14
101 3 14
12 9 14
13 2 14
99 6 14
13 3 14
13 2 14
1 4 14
14 7 14
49 6 14
13 2 14
14 7 14
99 7 14
44 23 14
33 6 14
13 1 14
44 21 15
1 5 15
98 14 15
14 6 15
44 21 15
98 14 15
1 4 15
96 40 15
13 1 15
49 6 15
2 6 15
49 6 15
2 4 15
13 0 15
11 10 15
7 0 15
45 10 15
13 1 15
13 0 15
2 5 15
33 5 15
1 4 15
49 5 15
45 18 15
96 40 15
2 7 15
44 23 15
2 4 15
0 1 15
101 3 15
14 5 15
2 5 15
2 1 15
14 4 15
33 6 15
49 5 15
49 6 15
96 42 15
14 4 15
0 1 15
0 1 15
13 1 15
13 8 15
44 27 15
49 6 15
47 11 15
96 42 15
13 4 15
99 5 15
14 5 15
49 5 16
0 1 16
0 1 16
39 48 16
33 5 16
33 5 16
2 3 16
2 5 16
2 6 16
49 5 16
13 8 16
11 10 16
33 5 16
2 7 16
45 10 16
44 21 16
0 1 16
33 5 16
49 5 16
45 11 16
14 7 16
2 5 16
33 5 16
33 5 16
2 1 16
33 5 16
49 8 16
33 5 16
101 3 16
1 4 16
99 7 16
99 7 16
39 48 16
47 9 16
14 4 16
13 0 16
33 5 16
2 3 16
99 7 16
9 3 16
1 4 16
2 1 16
2 4 16
99 7 16
1 4 16
13 2 16
45 12 16
13 1 16
13 1 16
1 4 16
49 5 17
33 5 17
98 8 17
13 0 17
2 4 17
14 4 17
49 5 17
99 5 17
48 8 17
2 2 17
13 0 17
14 4 17
96 44 17
13 0 17
49 5 17
2 1 17
4 2 17
49 5 17
2 4 17
98 10 17
13 1 17
13 8 17
2 4 17
13 0 17
4 2 17
33 6 17
14 4 17
13 0 17
13 1 17
13 1 17
48 8 17
4 2 17
2 4 17
33 5 17
33 6 17
1 5 17
101 4 17
14 4 17
2 1 17
49 1 17
13 0 17
47 9 17
14 5 17
0 1 17
98 10 17
13 0 17
14 5 17
33 5 18
98 10 18
101 5 18
1 5 18
33 5 18
0 0 18
101 5 18
1 5 18
2 2 18
14 0 18
48 8 18
2 1 18
0 0 18
1 5 18
2 2 18
0 1 18
2 1 18
33 5 18
13 1 18
2 5 18
99 5 18
33 5 18
14 3 18
13 1 18
33 2 18
33 5 18
1 4 18
49 8 18
2 1 18
101 5 18
33 5 18
98 14 18
1 4 18
2 1 18
1 4 18
13 1 18
2 4 18
14 4 18
13 0 18
99 7 18
0 1 18
98 10 18
33 5 18
0 1 18
98 10 18
1 4 18
13 1 18
101 4 19
49 8 19
0 1 19
101 4 19
2 2 19
98 13 19
14 4 19
2 2 19
0 1 19
98 13 19
13 1 19
2 3 19
0 1 19
98 14 19
98 14 19
13 1 19
2 0 19
14 5 19
2 3 19
2 1 19
2 2 19
1 4 19
33 5 19
2 0 19
13 6 19
98 7 19
2 3 19
2 2 19
2 2 19
2 3 19
13 1 19
2 0 19
0 1 19
13 0 19
13 0 19
45 12 19
98 21 19
98 21 19
0 1 19
13 0 19
0 0 19
0 1 19
100 6 19
34 1 19
14 1 19
0 1 19
2 1 19
2 5 20
2 5 20
0 1 20
2 5 20
2 6 20
13 2 20
101 4 20
0 1 20
6 1 20
49 8 20
6 1 20
0 1 20
6 0 20
49 5 20
33 2 20
13 1 20
0 1 20
6 1 20
0 1 20
13 6 20
98 12 20
0 1 20
98 21 20
6 1 20
13 6 20
34 2 20
13 3 20
49 7 20
6 1 20
6 1 20
34 2 20
0 1 20
0 1 20
0 1 20
99 7 20
33 2 20
34 2 20
49 5 20
2 6 20
6 1 20
0 1 20
13 1 20
33 5 20
2 5 20
102 4 20
102 4 20
98 12 20
34 2 21
49 2 21
13 1 21
98 16 21
13 1 21
2 1 21
33 5 21
13 3 21
13 1 21
2 1 21
0 1 21
6 1 21
102 4 21
13 6 21
33 2 21
0 1 21
13 1 21
6 1 21
49 5 21
33 4 21
49 5 21
13 2 21
2 1 21
49 5 21
14 1 21
49 7 21
13 6 21
6 1 21
0 1 21
34 1 21
14 1 21
49 1 21
13 1 21
33 5 21
0 1 21
49 2 21
13 1 21
2 0 21
6 1 21
14 1 21
33 2 21
14 1 21
1 1 21
6 1 21
0 1 21
49 3 21
13 1 21
20 1 22
1 2 22
13 1 22
14 5 22
49 1 22
20 1 22
20 0 22
33 2 22
13 1 22
14 5 22
6 1 22
49 1 22
103 9 22
13 1 22
49 1 22
20 1 22
49 2 22
102 4 22
2 1 22
2 1 22
6 1 22
0 1 22
6 1 22
6 1 22
6 1 22
98 11 22
20 1 22
13 1 22
14 1 22
2 1 22
6 1 22
102 4 22
20 1 22
13 1 22
13 1 22
50 1 22
0 1 22
102 4 22
20 1 22
102 3 22
6 1 22
49 1 22
2 1 22
3 3 22
20 1 22
0 1 22
102 4 22
102 6 23
102 6 23
6 3 23
0 1 23
13 1 23
0 1 23
102 6 23
103 6 23
101 4 23
98 12 23
4 0 23
49 1 23
49 1 23
102 6 23
34 1 23
101 3 23
103 6 23
49 1 23
101 2 23
49 1 23
49 1 23
103 6 23
13 1 23
14 1 23
101 2 23
103 6 23
103 6 23
49 1 23
101 5 23
49 3 23
14 6 23
102 4 23
13 2 23
49 5 23
49 1 23
49 1 23
102 3 23
34 1 23
13 1 23
49 5 23
49 1 23
98 12 23
2 1 23
103 6 23
49 1 23
49 7 23
10 1 23
13 1 24
0 1 24
0 1 24
49 1 24
101 3 24
0 1 24
6 2 24
13 1 24
6 1 24
6 1 24
101 2 24
14 5 24
2 1 24
0 1 24
33 4 24
1 1 24
101 3 24
0 1 24
98 12 24
14 5 24
101 3 24
10 2 24
13 1 24
1 1 24
8 2 24
13 1 24
0 1 24
10 2 24
14 1 24
13 1 24
6 2 24
4 1 24
102 4 24
99 7 24
13 1 24
0 1 24
98 12 24
102 4 24
13 1 24
49 1 24
1 1 24
34 1 24
14 1 24
47 7 24
103 11 24
6 3 24
2 1 24
10 1 25
13 1 25
6 2 25
9 3 25
9 3 25
6 3 25
0 1 25
49 1 25
2 1 25
6 2 25
9 3 25
9 2 25
2 1 25
9 3 25
2 1 25
1 1 25
34 1 25
0 1 25
2 1 25
0 1 25
7 2 25
2 1 25
8 2 25
9 2 25
0 1 25
10 2 25
2 1 25
2 1 25
0 1 25
14 6 25
2 1 25
2 1 25
0 1 25
2 1 25
9 2 25
6 2 25
2 1 25
102 4 25
6 2 25
10 2 25
4 1 25
2 1 25
0 1 25
2 1 25
103 11 25
1 1 25
4 1 25
9 3 26
20 3 26
3 2 26
2 1 26
3 2 26
9 2 26
0 1 26
20 2 26
1 1 26
0 1 26
1 2 26
0 1 26
0 0 26
19 3 26
1 1 26
3 2 26
0 1 26
2 1 26
2 1 26
0 1 26
2 1 26
4 1 26
3 2 26
3 1 26
1 2 26
6 0 26
10 2 26
9 2 26
9 2 26
0 1 26
4 2 26
1 1 26
9 3 26
2 1 26
1 2 26
2 1 26
0 1 26
4 1 26
9 3 26
4 1 26
9 3 26
0 1 26
0 1 26
6 2 26
9 3 26
20 2 26
0 0 26
0 1 27
0 1 27
2 1 27
0 1 27
18 3 27
2 1 27
4 2 27
0 0 27
9 3 27
0 1 27
4 1 27
0 1 27
0 1 27
7 2 27
0 1 27
4 2 27
0 1 27
13 2 27
0 1 27
6 1 27
6 2 27
0 1 27
7 3 27
0 1 27
4 1 27
0 1 27
2 1 27
0 0 27
4 1 27
0 1 27
0 1 27
2 1 27
0 1 27
0 0 27
0 1 27
0 0 27
0 1 27
0 1 27
0 0 27
0 1 27
10 1 27
0 1 27
4 2 27
4 2 27
4 2 27
1 2 27
2 1 27
6 2 28
4 2 28
0 1 28
6 2 28
4 2 28
0 1 28
0 1 28
1 2 28
1 1 28
0 1 28
6 2 28
0 1 28
1 1 28
6 2 28
6 2 28
1 1 28
4 2 28
4 2 28
7 2 28
6 2 28
4 1 28
1 2 28
6 2 28
1 1 28
0 0 28
6 2 28
6 2 28
0 1 28
4 2 28
3 3 28
4 2 28
7 2 28
6 1 28
6 2 28
0 1 28
0 1 28
0 1 28
1 1 28
7 3 28
19 3 28
0 1 28
3 1 28
4 2 28
4 2 28
6 2 28
0 0 28
4 2 28
10 1 29
6 2 29
0 0 29
6 2 29
0 1 29
6 2 29
1 1 29
6 2 29
6 2 29
1 1 29
3 1 29
7 3 29
0 1 29
0 0 29
6 2 29
5 1 29
6 1 29
6 2 29
4 1 29
1 1 29
5 0 29
6 2 29
1 2 29
0 0 29
1 1 29
0 1 29
1 1 29
1 1 29
6 2 29
18 3 29
0 1 29
0 1 29
6 2 29
0 0 29
0 1 29
0 0 29
1 1 29
0 2 29
6 3 29
0 0 29
6 2 29
1 1 29
5 0 29
5 1 29
0 0 29
1 1 29
6 2 29
0 0 30
1 1 30
0 1 30
1 1 30
0 1 30
0 2 30
0 0 30
1 2 30
6 3 30
0 1 30
0 1 30
0 0 30
10 1 30
0 0 30
1 1 30
3 1 30
20 0 30
13 2 30
0 1 30
3 1 30
0 0 30
0 1 30
6 2 30
0 1 30
0 0 30
1 1 30
1 2 30
1 1 30
0 1 30
6 2 30
0 0 30
1 1 30
1 1 30
5 1 30
1 1 30
6 2 30
0 0 30
0 0 30
0 0 30
13 2 30
1 1 30
0 0 30
0 1 30
6 2 30
0 1 30
0 1 30
0 0 30
0 1 31
0 1 31
0 0 31
101 4 31
0 0 31
0 0 31
0 1 31
0 1 31
0 0 31
3 3 31
101 4 31
0 0 31
0 1 31
6 2 31
0 0 31
0 1 31
0 1 31
0 1 31
0 0 31
49 1 31
49 1 31
0 1 31
20 0 31
7 3 31
0 1 31
0 0 31
0 0 31
0 1 31
7 3 31
0 0 31
7 3 31
6 0 31
1 2 31
0 1 31
0 1 31
0 1 31
20 0 31
6 0 31
0 1 31
0 1 31
0 0 31
0 1 31
10 1 31
20 0 31
0 1 31
0 0 31
0 0 31
20 0 32
20 0 32
0 0 32
7 3 32
20 0 32
0 0 32
0 0 32
20 0 32
6 0 32
0 0 32
3 1 32
0 0 32
7 3 32
0 0 32
0 0 32
0 0 32
20 0 32
0 0 32
20 0 32
0 0 32
20 0 32
3 1 32
6 0 32
20 0 32
7 3 32
0 0 32
6 0 32
6 3 32
6 3 32
6 1 32
13 2 32
0 0 32
20 0 32
0 0 32
0 1 32
3 1 32
0 0 32
0 1 32
0 0 32
20 0 32
0 0 32
0 0 32
0 1 32
20 0 32
0 0 32
10 1 32
20 0 32
2 0 33
6 1 33
6 0 33
2 0 33
4 1 33
20 0 33
2 0 33
0 0 33
6 0 33
20 0 33
2 1 33
20 0 33
0 0 33
2 0 33
20 0 33
2 0 33
2 0 33
20 0 33
0 0 33
0 0 33
6 0 33
2 0 33
0 0 33
0 0 33
0 0 33
7 2 33
0 0 33
0 0 33
4 1 33
20 0 33
0 0 33
6 2 33
0 0 33
2 0 33
2 0 33
0 0 33
2 0 33
6 2 33
20 0 33
6 1 33
0 0 33
0 0 33
0 0 33
2 0 33
2 0 33
6 2 33
0 0 33
0 0 34
20 0 34
6 0 34
0 0 34
0 0 34
0 0 34
0 0 34
0 0 34
0 0 34
20 0 34
0 0 34
0 0 34
2 0 34
0 0 34
20 0 34
0 0 34
0 0 34
0 0 34
0 0 34
20 0 34
0 0 34
0 0 34
6 2 34
0 0 34
0 0 34
0 0 34
20 0 34
2 0 34
0 0 34
0 0 34
0 0 34
0 0 34
2 0 34
0 0 34
0 0 34
20 0 34
20 0 34
0 0 34
0 0 34
0 0 34
0 0 34
6 0 34
0 0 34
0 0 34
0 0 34
6 0 34
0 0 34
0 0 35
0 0 35
0 0 35
0 0 35
2 0 35
0 0 35
0 0 35
0 0 35
0 0 35
0 0 35
2 0 35
0 0 35
0 0 35
0 0 35
2 0 35
0 0 35
0 0 35
0 0 35
0 0 35
0 0 35
0 0 35
0 0 35
20 0 35
0 0 35
0 0 35
0 0 35
0 0 35
0 0 35
0 0 35
0 0 35
2 0 35
0 0 35
0 0 35
0 0 35
0 0 35
0 0 35
0 0 35
0 0 35
0 0 35
0 0 35
0 0 35
0 0 35
2 0 35
2 0 35
0 0 35
0 0 35
6 0 35
0 0 36
0 0 36
0 0 36
0 0 36
0 0 36
0 1 36
0 0 36
1 1 36
0 0 36
2 0 36
0 0 36
0 0 36
4 0 36
0 0 36
4 0 36
0 0 36
0 0 36
0 0 36
0 0 36
0 0 36
0 0 36
0 0 36
0 0 36
0 0 36
0 0 36
0 0 36
0 0 36
1 1 36
0 0 36
0 0 36
0 1 36
13 0 36
0 0 36
0 0 36
0 0 36
0 0 36
0 0 36
0 0 36
0 0 36
0 0 36
0 0 36
0 0 36
0 0 36
0 0 36
2 0 36
0 0 36
0 0 36
0 0 37
0 0 37
18 0 37
0 0 37
0 0 37
0 0 37
0 0 37
0 0 37
0 0 37
0 0 37
0 0 37
0 0 37
0 0 37
13 0 37
0 0 37
0 0 37
0 0 37
0 0 37
0 0 37
0 0 37
5 0 37
13 0 37
0 0 37
0 0 37
0 0 37
0 0 37
0 0 37
0 0 37
0 0 37
0 0 37
0 0 37
13 0 37
6 1 37
0 0 37
0 0 37
0 0 37
0 0 37
0 0 37
13 0 37
0 0 37
0 0 37
0 0 37
0 0 37
0 0 37
0 0 37
0 0 37
0 0 37
0 0 38
18 0 38
0 0 38
18 0 38
0 0 38
0 0 38
0 0 38
0 0 38
0 0 38
0 0 38
0 0 38
0 0 38
0 0 38
0 0 38
0 0 38
18 0 38
0 0 38
0 0 38
0 0 38
0 0 38
0 0 38
0 0 38
0 0 38
0 0 38
0 0 38
0 0 38
0 0 38
0 0 38
0 0 38
0 0 38
0 0 38
0 0 38
0 0 38
0 0 38
0 0 38
0 0 38
18 0 38
0 0 38
0 0 38
13 0 38
0 0 38
0 0 38
0 0 38
5 0 38
0 0 38
20 0 38
0 0 38
0 0 39
0 0 39
0 0 39
0 0 39
0 0 39
0 0 39
5 0 39
0 0 39
5 0 39
0 0 39
0 0 39
13 0 39
0 0 39
4 0 39
4 0 39
0 0 39
18 0 39
0 0 39
0 0 39
0 0 39
0 0 39
0 0 39
0 0 39
0 0 39
0 0 39
13 0 39
0 0 39
0 0 39
0 0 39
0 0 39
0 0 39
0 0 39
0 0 39
4 0 39
4 0 39
6 0 39
0 0 39
0 0 39
4 0 39
0 0 39
0 0 39
2 0 39
18 0 39
0 0 39
0 0 39
0 0 39
0 0 39
0 0 40
0 0 40
5 0 40
0 0 40
13 0 40
0 0 40
13 0 40
0 0 40
0 0 40
0 0 40
0 0 40
13 0 40
0 0 40
0 0 40
0 0 40
0 0 40
0 0 40
0 0 40
0 0 40
0 0 40
0 0 40
0 0 40
0 0 40
0 0 40
13 0 40
34 0 40
0 0 40
0 0 40
0 0 40
18 0 40
13 0 40
0 0 40
0 0 40
18 0 40
0 0 40
0 0 40
2 1 40
0 0 40
0 0 40
0 0 40
6 0 40
4 0 40
0 0 40
0 0 40
0 0 40
0 0 40
4 0 40
0 0 41
18 0 41
0 0 41
0 0 41
13 0 41
0 0 41
0 0 41
0 0 41
18 0 41
0 0 41
4 0 41
0 0 41
18 0 41
0 0 41
0 0 41
0 0 41
6 0 41
4 0 41
0 0 41
18 0 41
0 0 41
0 0 41
0 0 41
0 0 41
0 0 41
0 0 41
0 0 41
0 0 41
0 0 41
0 0 41
18 0 41
0 0 41
0 0 41
0 0 41
0 0 41
0 0 41
0 0 41
0 0 41
0 0 41
13 0 41
5 0 41
4 0 41
0 0 41
0 0 41
18 0 41
6 0 41
0 0 41
0 0 42
0 0 42
0 0 42
0 0 42
13 0 42
0 0 42
0 0 42
0 0 42
0 0 42
5 0 42
0 0 42
0 0 42
0 0 42
0 0 42
0 0 42
5 0 42
4 0 42
0 0 42
0 0 42
5 0 42
5 0 42
18 0 42
0 0 42
0 0 42
0 0 42
4 0 42
0 0 42
5 0 42
4 0 42
0 0 42
0 0 42
0 0 42
0 0 42
0 0 42
18 0 42
5 0 42
5 0 42
0 0 42
0 0 42
0 0 42
0 0 42
0 0 42
0 0 42
4 0 42
0 0 42
0 0 42
0 0 42
5 0 43
0 0 43
0 0 43
0 0 43
0 0 43
18 0 43
5 0 43
0 0 43
0 0 43
0 0 43
0 0 43
0 0 43
0 0 43
0 0 43
0 0 43
5 0 43
0 0 43
0 0 43
0 0 43
0 0 43
0 0 43
5 0 43
2 0 43
0 0 43
18 0 43
5 0 43
5 0 43
0 0 43
0 0 43
0 0 43
0 0 43
20 0 43
5 0 43
0 0 43
0 0 43
0 0 43
0 0 43
0 0 43
0 0 43
0 0 43
0 0 43
0 0 43
5 0 43
0 0 43
0 0 43
0 0 43
0 0 43
0 0 44
5 0 44
0 0 44
4 0 44
0 0 44
0 0 44
4 0 44
0 0 44
0 0 44
0 0 44
0 0 44
0 0 44
0 0 44
0 0 44
0 0 44
0 0 44
0 0 44
0 0 44
18 0 44
0 0 44
0 0 44
0 0 44
18 0 44
0 0 44
0 0 44
4 0 44
0 0 44
5 0 44
0 0 44
0 0 44
0 0 44
0 0 44
0 0 44
0 0 44
0 0 44
0 0 44
0 0 44
0 0 44
0 0 44
0 0 44
0 0 44
0 0 44
0 0 44
0 0 44
0 0 44
6 0 44
18 0 44
18 0 45
0 0 45
4 0 45
0 0 45
0 0 45
0 0 45
0 0 45
18 0 45
0 0 45
4 0 45
0 0 45
0 0 45
0 0 45
0 0 45
0 0 45
0 0 45
0 0 45
0 0 45
0 0 45
0 0 45
0 0 45
5 0 45
0 0 45
0 0 45
0 0 45
18 0 45
0 0 45
20 0 45
0 0 45
0 0 45
4 0 45
18 0 45
0 0 45
0 0 45
20 0 45
0 0 45
0 0 45
0 0 45
2 1 45
4 0 45
0 0 45
5 0 45
0 0 45
0 0 45
0 0 45
5 0 45
0 0 45
0 0 46
18 0 46
0 0 46
0 0 46
5 0 46
0 0 46
0 0 46
0 0 46
0 0 46
4 0 46
0 0 46
0 0 46
5 0 46
0 0 46
0 0 46
5 0 46
0 0 46
0 0 46
0 0 46
0 0 46
0 0 46
5 0 46
18 0 46
5 0 46
2 0 46
0 0 46
0 0 46
0 0 46
0 0 46
5 0 46
20 0 46
4 0 46
0 0 46
5 0 46
0 0 46
0 0 46
0 0 46
0 0 46
0 0 46
4 0 46
0 0 46
0 0 46
18 0 46
0 0 46
0 0 46
0 0 46
0 0 46
0 0 47
0 0 47
5 0 47
5 0 47
0 0 47
5 0 47
0 0 47
0 0 47
0 0 47
0 0 47
0 0 47
0 0 47
18 0 47
0 0 47
0 0 47
4 0 47
0 0 47
0 0 47
4 0 47
18 0 47
0 0 47
18 0 47
0 0 47
0 0 47
0 0 47
0 0 47
0 0 47
0 0 47
0 0 47
0 0 47
4 0 47
4 0 47
0 0 47
4 0 47
18 0 47
0 0 47
5 0 47
0 0 47
5 0 47
0 0 47
0 0 47
5 0 47
0 0 47
4 0 47
18 0 47
0 0 47
0 0 47
0 0 48
18 0 48
0 0 48
0 0 48
0 0 48
0 0 48
0 0 48
13 1 48
0 0 48
4 0 48
0 0 48
18 0 48
13 1 48
0 0 48
4 0 48
0 0 48
0 0 48
0 0 48
0 0 48
0 0 48
0 0 48
0 0 48
0 0 48
0 0 48
0 0 48
0 0 48
0 0 48
0 0 48
5 0 48
0 0 48
4 0 48
4 0 48
0 0 48
0 0 48
0 0 48
0 0 48
18 0 48
0 0 48
4 0 48
0 0 48
0 0 48
0 0 48
0 0 48
4 0 48
0 0 48
0 0 48
0 0 48
0 0 49
0 0 49
0 0 49
0 0 49
0 0 49
0 0 49
0 0 49
0 0 49
18 0 49
0 0 49
0 0 49
18 0 49
0 0 49
0 0 49
0 0 49
0 0 49
0 0 49
4 0 49
0 0 49
0 0 49
0 0 49
0 0 49
0 0 49
0 0 49
0 0 49
0 0 49
0 0 49
0 0 49
0 0 49
4 0 49
0 0 49
0 0 49
0 0 49
5 0 49
0 0 49
0 0 49
0 0 49
5 0 49
0 0 49
0 0 49
18 0 49
0 0 49
0 0 49
0 0 49
0 0 49
0 0 49
0 0 49
0 0 50
0 0 50
0 0 50
0 0 50
0 0 50
0 0 50
0 0 50
0 0 50
4 0 50
0 0 50
0 0 50
0 0 50
0 0 50
0 0 50
0 0 50
0 0 50
0 0 50
0 0 50
0 0 50
0 0 50
0 0 50
0 0 50
0 0 50
0 0 50
0 0 50
0 0 50
0 0 50
0 0 50
0 0 50
0 0 50
0 0 50
0 0 50
0 0 50
0 0 50
18 0 50
0 0 50
0 0 50
0 0 50
0 0 50
0 0 50
4 0 50
0 0 50
0 0 50
0 0 50
0 0 50
0 0 50
0 0 50
0 0 51
18 0 51
0 0 51
0 0 51
0 0 51
0 0 51
0 0 51
0 0 51
0 0 51
0 0 51
0 0 51
0 0 51
0 0 51
0 0 51
0 0 51
0 0 51
0 0 51
0 0 51
0 0 51
0 0 51
0 0 51
0 0 51
0 0 51
0 0 51
0 0 51
0 0 51
0 0 51
0 0 51
6 0 51
0 0 51
0 0 51
0 0 51
0 0 51
0 0 51
0 0 51
0 0 51
0 0 51
0 0 51
0 0 51
0 0 51
0 0 51
0 0 51
0 0 51
5 0 51
0 0 51
0 0 51
0 0 51
0 0 52
0 0 52
0 0 52
0 0 52
0 0 52
0 0 52
0 0 52
0 0 52
5 0 52
0 0 52
0 0 52
0 0 52
0 0 52
0 0 52
0 0 52
0 0 52
0 0 52
0 0 52
0 0 52
0 0 52
0 0 52
0 0 52
0 0 52
0 0 52
0 0 52
0 0 52
18 0 52
0 0 52
0 0 52
0 0 52
0 0 52
0 0 52
0 0 52
0 0 52
0 0 52
0 0 52
0 0 52
0 0 52
0 0 52
0 0 52
0 0 52
0 0 52
0 0 52
0 0 52
0 0 52
0 0 52
0 0 52
4 0 53
0 0 53
0 0 53
0 0 53
0 0 53
0 0 53
0 0 53
0 0 53
0 0 53
0 0 53
0 0 53
0 0 53
0 0 53
0 0 53
0 0 53
0 0 53
0 0 53
0 0 53
0 0 53
0 0 53
0 0 53
0 0 53
0 0 53
0 0 53
0 0 53
0 0 53
0 0 53
0 0 53
0 0 53
0 0 53
0 0 53
0 0 53
0 0 53
0 0 53
0 0 53
0 0 53
0 0 53
0 0 53
0 0 53
0 0 53
0 0 53
0 0 53
0 0 53
0 0 53
0 0 53
0 0 53
0 0 53
0 0 54
0 0 54
0 0 54
0 0 54
0 0 54
0 0 54
4 0 54
0 0 54
0 0 54
0 0 54
0 0 54
0 0 54
0 0 54
0 0 54
0 0 54
0 0 54
0 0 54
0 0 54
0 0 54
0 0 54
0 0 54
0 0 54
0 0 54
0 0 54
0 0 54
0 0 54
0 0 54
0 0 54
0 0 54
0 0 54
0 0 54
18 0 54
0 0 54
0 0 54
0 0 54
0 0 54
0 0 54
0 0 54
0 0 54
0 0 54
0 0 54
0 0 54
0 0 54
0 0 54
0 0 54
0 0 54
0 0 54
0 0 55
0 0 55
0 0 55
0 0 55
0 0 55
0 0 55
1 0 55
1 0 55
0 0 55
0 0 55
0 0 55
0 0 55
4 0 55
1 0 55
0 0 55
0 0 55
0 0 55
1 0 55
0 0 55
0 0 55
1 0 55
0 0 55
0 0 55
1 0 55
0 0 55
0 0 55
0 0 55
0 0 55
0 0 55
0 0 55
1 0 55
0 0 55
0 0 55
1 0 55
1 0 55
0 0 55
0 0 55
0 0 55
0 0 55
0 0 55
0 0 55
0 0 55
1 0 55
0 0 55
18 0 55
0 0 55
1 0 55
0 0 56
0 0 56
0 0 56
1 0 56
0 0 56
0 0 56
0 0 56
0 0 56
1 0 56
1 0 56
0 0 56
0 0 56
0 0 56
0 0 56
0 0 56
0 0 56
0 0 56
0 0 56
0 0 56
0 0 56
0 0 56
0 0 56
0 0 56
0 0 56
0 0 56
0 0 56
0 0 56
0 0 56
0 0 56
0 0 56
0 0 56
0 0 56
0 0 56
0 0 56
0 0 56
0 0 56
0 0 56
0 0 56
0 0 56
0 0 56
4 0 56
0 0 56
0 0 56
4 0 56
0 0 56
0 0 56
0 0 56
1 0 57
0 0 57
0 0 57
0 0 57
0 0 57
0 0 57
0 0 57
0 0 57
0 0 57
1 0 57
4 0 57
0 0 57
0 0 57
0 0 57
0 0 57
0 0 57
0 0 57
0 0 57
0 0 57
0 0 57
0 0 57
0 0 57
0 0 57
0 0 57
0 0 57
1 0 57
0 0 57
0 0 57
0 0 57
6 0 57
0 0 57
0 0 57
0 0 57
0 0 57
0 0 57
0 0 57
0 0 57
0 0 57
0 0 57
0 0 57
1 0 57
18 0 57
0 0 57
18 0 57
0 0 57
0 0 57
0 0 57
0 0 58
0 0 58
0 0 58
0 0 58
0 0 58
0 0 58
0 0 58
0 0 58
1 0 58
0 0 58
0 0 58
0 0 58
0 0 58
0 0 58
1 0 58
1 0 58
5 0 58
1 0 58
1 0 58
0 0 58
0 0 58
0 0 58
0 0 58
1 0 58
0 0 58
0 0 58
5 0 58
1 0 58
0 0 58
1 0 58
1 0 58
1 0 58
0 0 58
4 0 58
0 0 58
1 0 58
4 0 58
0 0 58
0 0 58
5 0 58
0 0 58
0 0 58
0 0 58
0 0 58
0 0 58
1 0 58
1 0 58
1 0 59
0 0 59
1 0 59
0 0 59
1 0 59
5 0 59
5 0 59
0 0 59
4 0 59
0 0 59
1 0 59
0 0 59
1 0 59
5 0 59
5 0 59
1 0 59
1 0 59
5 0 59
4 0 59
0 0 59
0 0 59
0 0 59
4 0 59
1 0 59
4 0 59
0 0 59
0 0 59
0 0 59
0 0 59
0 0 59
0 0 59
0 0 59
0 0 59
0 0 59
1 0 59
5 0 59
0 0 59
0 0 59
0 0 59
5 0 59
1 0 59
5 0 59
0 0 59
4 0 59
0 0 59
1 0 59
0 0 59
0 0 60
0 0 60
0 1 60
5 0 60
0 0 60
4 0 60
4 0 60
0 0 60
4 0 60
0 0 60
4 0 60
0 0 60
0 0 60
4 0 60
0 0 60
0 0 60
0 0 60
0 0 60
0 0 60
0 0 60
0 0 60
4 0 60
0 0 60
0 0 60
4 0 60
4 0 60
0 0 60
0 0 60
0 0 60
4 0 60
0 0 60
0 0 60
4 0 60
5 0 60
4 0 60
0 0 60
0 0 60
0 0 60
4 0 60
0 0 60
0 0 60
0 0 60
0 0 60
0 0 60
0 0 60
4 0 60
0 0 60
0 0 61
8 0 61
0 1 61
0 0 61
0 0 61
4 0 61
5 0 61
0 0 61
0 0 61
4 0 61
0 0 61
4 0 61
0 0 61
0 0 61
0 0 61
0 0 61
5 0 61
0 1 61
0 0 61
0 0 61
0 0 61
0 0 61
0 0 61
0 0 61
4 0 61
0 0 61
5 0 61
0 1 61
0 0 61
5 0 61
0 1 61
0 0 61
0 0 61
0 1 61
0 0 61
0 0 61
0 1 61
0 0 61
0 0 61
4 0 61
0 0 61
4 0 61
0 0 61
4 0 61
0 0 61
0 0 61
0 0 62
0 0 62
0 0 62
8 0 62
0 0 62
8 0 62
0 0 62
0 0 62
0 0 62
0 0 62
8 0 62
0 0 62
0 0 62
8 1 62
0 0 62
0 0 62
0 0 62
0 0 62
0 0 62
0 0 62
0 0 62
0 0 62
0 0 62
8 1 62
0 0 62
0 0 62
8 1 62
0 0 62
0 0 62
8 1 62
8 1 62
8 0 62
0 0 62
8 0 62
0 0 62
8 0 62
8 1 62
0 0 62
0 0 62
0 0 62
0 0 62
0 0 62
0 0 62
8 0 62
0 0 62
8 0 62
0 1 63
4 0 63
0 0 63
0 0 63
8 1 63
0 0 63
0 2 63
4 0 63
0 1 63
0 0 63
0 0 63
0 0 63
0 0 63
0 0 63
0 0 63
0 0 63
0 0 63
0 0 63
0 0 63
5 0 63
4 0 63
0 1 63
0 0 63
0 0 63
0 0 63
0 0 63
0 0 63
0 0 63
0 0 63
0 0 63
0 1 63
4 0 63
0 0 63
0 1 63
0 0 63
0 2 63
0 0 63
0 0 63
0 0 63
0 0 63
4 0 63
0 0 63
0 0 63
0 0 63
0 1 63
0 0 63
0 0 64
8 1 64
0 0 64
0 0 64
8 1 64
4 0 64
0 0 64
0 0 64
0 0 64
8 1 64
0 0 64
0 0 64
0 0 64
0 0 64
0 0 64
0 0 64
0 0 64
8 1 64
0 0 64
8 1 64
0 0 64
0 0 64
0 0 64
0 0 64
0 0 64
4 0 64
0 0 64
5 0 64
0 0 64
4 0 64
8 1 64
0 0 64
0 0 64
0 0 64
8 1 64
0 0 64
