4374 556 1
4576 669 1
4453 594 1
4466 597 1
4524 579 1
4579 686 1
4401 576 1
4397 611 1
4412 607 1
4412 607 1
4396 566 1
4385 547 1
4390 560 1
4397 571 1
4376 542 1
4373 559 1
4572 565 1
4382 556 1
4388 520 1
4476 599 1
4386 497 1
4524 579 1
4466 597 1
4553 565 1
4482 587 1
4424 616 1
4432 603 1
4422 618 1
4428 603 1
4409 608 1
4576 686 1
4402 595 1
4572 676 1
4428 621 1
4422 616 1
4553 565 1
4397 611 1
4379 538 1
4409 610 1
4391 524 1
4388 547 1
4397 498 1
4399 604 1
4376 556 1
4389 560 1
4385 501 1
4389 534 1
4386 538 1
169 443 2
177 450 2
45 168 2
60 252 2
34 145 2
1392 137 2
23 107 2
2596 113 2
2576 115 2
79 289 2
2598 113 2
90 317 2
67 276 2
2557 105 2
2554 99 2
2513 109 2
257 492 2
45 168 2
2677 124 2
54 221 2
58 243 2
50 206 2
2803 153 2
2786 153 2
54 221 2
2677 124 2
64 268 2
2596 110 2
42 155 2
2605 115 2
2605 114 2
2563 109 2
135 388 2
90 317 2
2615 112 2
2498 114 2
2572 115 2
150 425 2
95 328 2
217 495 2
209 473 2
158 446 2
138 405 2
213 484 2
2477 125 2
181 451 2
142 420 2
201 473 2
2461 134 3
2498 114 3
2644 112 3
2687 129 3
2644 117 3
2615 110 3
2655 118 3
1392 140 3
64 268 3
85 297 3
85 298 3
110 354 3
70 284 3
2586 110 3
2546 97 3
112 363 3
158 444 3
2699 138 3
2501 111 3
2489 118 3
46 182 3
2463 125 3
46 194 3
16 76 3
1402 137 3
70 284 3
2586 110 3
2699 138 3
2598 115 3
79 289 3
105 337 3
46 182 3
1392 140 3
120 375 3
2687 129 3
2612 110 3
2513 108 3
2470 122 3
2554 99 3
130 388 3
2463 128 3
2581 109 3
2482 122 3
2522 108 3
188 464 3
2433 137 3
14 76 3
174 450 3
39 113 4
50 171 4
41 129 4
38 113 4
192 30 4
193 30 4
192 30 4
193 28 4
193 28 4
196 28 4
196 27 4
196 29 4
196 29 4
196 31 4
196 32 4
197 27 4
30 83 4
28 68 4
87 311 4
193 28 4
32 102 4
193 30 4
194 32 4
195 34 4
195 33 4
194 32 4
196 31 4
192 32 4
195 33 4
193 28 4
197 27 4
193 28 4
197 29 4
193 28 4
28 68 4
29 73 4
196 32 4
197 27 4
197 28 4
8 3 4
30 83 4
59 200 4
197 27 4
56 185 4
48 161 4
44 150 4
40 129 4
32 90 4
8 2 5
204 41 5
7 2 5
8 1 5
8 1 5
8 1 5
8 2 5
8 1 5
7 2 5
8 2 5
198 24 5
197 28 5
8 2 5
8 1 5
8 1 5
201 35 5
208 48 5
8 1 5
8 1 5
8 1 5
8 2 5
8 1 5
7 1 5
8 2 5
8 3 5
8 1 5
8 1 5
8 1 5
8 2 5
8 2 5
8 2 5
8 2 5
8 2 5
8 2 5
198 25 5
8 3 5
8 2 5
203 40 5
8 2 5
8 3 5
8 2 5
201 32 5
204 42 5
200 28 5
8 3 5
203 40 5
202 38 5
8 2 5
8 3 6
8 3 6
8 3 6
0 0 6
0 3 6
0 3 6
0 11 6
0 3 6
0 3 6
0 15 6
0 0 6
0 15 6
6 43 6
6 33 6
1 28 6
1 23 6
1 23 6
28 64 6
9 3 6
8 3 6
9 2 6
0 3 6
0 2 6
0 6 6
0 3 6
0 3 6
0 0 6
9 45 6
11 46 6
0 2 6
0 3 6
197 27 6
0 3 6
9 45 6
200 32 6
3 33 6
198 25 6
8 2 6
8 3 6
23 56 6
24 60 6
198 24 6
14 51 6
198 27 6
8 3 6
198 24 6
8 3 6
8 3 6
8 29 7
0 0 7
0 0 7
0 0 7
0 0 7
0 0 7
0 0 7
0 0 7
0 0 7
0 0 7
0 0 7
2 17 7
0 0 7
0 0 7
0 0 7
0 0 7
0 0 7
0 0 7
8 26 7
0 0 7
8 25 7
8 30 7
0 0 7
0 1 7
0 0 7
0 3 7
0 0 7
0 0 7
0 0 7
0 0 7
0 0 7
0 0 7
0 0 7
0 0 7
0 0 7
8 32 7
5 24 7
0 0 7
0 0 7
8 38 7
3 21 7
0 0 7
8 25 7
0 0 7
0 0 7
0 2 7
7 25 7
0 0 7
0 0 8
0 3 8
1390 140 8
1404 132 8
0 1 8
0 0 8
1398 139 8
1396 136 8
0 0 8
0 17 8
0 28 8
0 28 8
5 36 8
1 17 8
0 3 8
5 24 8
0 3 8
0 0 8
0 3 8
1394 132 8
0 0 8
0 3 8
0 11 8
2660 121 8
0 0 8
0 3 8
0 0 8
1406 134 8
2735 144 8
1396 136 8
0 19 8
1394 139 8
0 19 8
0 0 8
1394 132 8
0 28 8
0 17 8
0 3 8
0 0 8
0 2 8
0 0 8
0 0 8
0 3 8
0 3 8
0 0 8
0 3 8
0 2 8
0 2 8
0 0 9
0 0 9
203 39 9
203 44 9
1389 144 9
202 44 9
200 32 9
201 33 9
200 43 9
0 17 9
0 0 9
1382 139 9
8 36 9
5 36 9
5 36 9
0 2 9
203 39 9
1388 145 9
0 0 9
1388 145 9
201 33 9
2652 117 9
200 43 9
201 45 9
2652 117 9
201 33 9
1387 143 9
1387 143 9
1389 143 9
0 0 9
0 2 9
0 3 9
5 36 9
0 0 9
0 2 9
0 2 9
10 37 9
0 2 9
0 1 9
11 24 9
0 0 9
7 24 9
0 0 9
10 37 9
0 0 9
8 26 9
0 0 9
0 2 9
1346 107 10
199 33 10
199 33 10
92 4 10
92 3 10
92 4 10
92 4 10
1371 134 10
1371 127 10
1365 126 10
1349 113 10
1332 96 10
1346 112 10
1341 107 10
1339 107 10
1333 94 10
1329 105 10
92 4 10
92 4 10
197 34 10
92 4 10
200 32 10
92 3 10
200 32 10
92 3 10
1363 127 10
92 3 10
92 3 10
1360 116 10
1382 139 10
1353 117 10
1371 127 10
1368 125 10
1377 134 10
1347 112 10
1335 98 10
1360 116 10
1363 127 10
1353 117 10
1344 108 10
1352 113 10
1331 95 10
1338 99 10
1351 114 10
1 3 11
1 11 11
1 14 11
15 2 11
15 1 11
92 3 11
93 3 11
15 1 11
15 1 11
15 1 11
15 3 11
15 1 11
1 9 11
0 1 11
15 1 11
0 0 11
1 8 11
15 1 11
92 3 11
15 3 11
93 3 11
92 3 11
15 1 11
0 0 11
1 14 11
3 17 11
0 1 11
0 1 11
1 3 11
1 6 11
10 3 12
15 1 12
15 1 12
15 1 12
10 4 12
10 3 12
10 4 12
10 2 12
16 2 12
10 4 12
10 4 12
15 1 12
10 3 12
10 3 12
10 2 12
15 1 12
10 3 12
185 8 13
11 5 13
1 2 13
11 5 13
11 4 13
1 2 13
11 5 13
1 2 13
20 26 13
11 5 13
1 4 13
1 4 13
1 2 13
1 2 13
1 2 13
1 2 13
1 2 13
1 2 14
23 20 14
1 2 14
23 20 14
5 15 14
24 13 14
20 21 14
23 18 14
24 14 14
20 24 14
24 14 14
24 12 14
1 2 14
1 2 14
23 18 14
93 4 14
1 3 14
1 6 15
0 0 15
0 4 15
0 3 15
1 6 15
0 0 15
1 6 15
1 2 15
1 7 15
24 13 15
0 0 15
24 13 15
24 13 15
0 4 15
0 3 15
24 13 15
28 28 15
7 8 16
8 6 16
8 7 16
7 11 16
4 12 16
8 9 16
8 9 16
24 12 16
6 12 16
6 13 16
2 10 16
7 8 16
2 10 16
2 10 16
8 8 16
8 8 16
12 4 16
8 6 17
8 6 17
8 6 17
8 6 17
8 6 17
2 0 17
27 9 18
8 3 19