1377 417 1
4332 980 1
4201 1102 1
4321 989 1
4288 1044 1
4239 1072 1
1346 398 1
1418 500 1
1322 390 1
4225 1067 1
4345 928 1
1322 390 1
4283 1056 1
1267 426 1
1402 449 1
1374 417 1
1279 412 1
1365 406 1
4364 863 1
1279 412 1
1316 390 1
4201 1102 1
1382 435 1
4252 1067 1
4341 944 1
4299 1008 1
1279 413 1
1361 404 1
4332 980 1
4252 1067 1
319 660 1
4312 1008 1
1256 441 1
1384 424 1
1352 410 1
4288 1044 1
1382 437 1
1384 433 1
4201 1102 1
1365 409 1
4312 1003 1
4299 1008 1
1274 413 1
4321 989 1
1358 408 1
4239 1072 1
287 802 2
1339 396 2
46 145 2
1326 394 2
1303 392 2
1338 392 2
35 86 2
1339 403 2
12 58 2
42 140 2
7 193 2
470 76 2
32 130 2
1326 394 2
1309 390 2
1338 392 2
11 55 2
489 104 2
1350 397 2
1284 408 2
436 801 2
12 58 2
32 128 2
477 85 2
1284 408 2
1323 387 2
1331 390 2
4367 827 2
1339 396 2
1309 390 2
467 78 2
1254 444 2
547 732 2
1284 403 2
1284 408 2
1335 390 2
276 683 2
1303 392 2
41 139 2
25 106 2
436 801 2
475 817 2
1331 390 2
12 55 2
580 657 3
24 104 3
28 82 3
24 87 3
24 87 3
267 700 3
474 78 3
18 78 3
8 45 3
18 80 3
503 119 3
20 86 3
558 700 3
471 72 3
24 104 3
471 72 3
46 145 3
8 37 3
476 78 3
15 63 3
18 86 3
507 823 3
20 86 3
14 62 3
20 86 3
20 86 3
54 142 3
1335 392 3
471 72 3
27 67 3
471 73 3
466 77 3
537 771 3
519 795 3
29 120 3
543 747 3
37 140 3
27 73 3
476 81 3
476 78 3
525 771 3
14 62 3
18 86 3
41 139 3
580 670 3
23 89 3
18 67 4
476 81 4
486 90 4
1 0 4
595 607 4
215 18 4
18 85 4
215 18 4
26 122 4
509 111 4
566 694 4
215 11 4
25 106 4
1 0 4
18 72 4
22 55 4
25 106 4
24 56 4
473 73 4
481 84 4
498 93 4
486 90 4
482 88 4
590 630 4
215 18 4
6 33 4
26 122 4
215 13 4
491 96 4
491 98 4
477 88 4
23 89 4
585 649 4
215 18 4
502 120 4
477 88 4
15 66 4
18 67 4
29 120 5
610 543 5
501 104 5
27 62 5
1 0 5
486 92 5
1 0 5
43 3 5
499 98 5
1 0 5
2 1 5
419 822 5
498 93 5
6 0 5
1 0 5
479 88 5
43 3 5
28 79 5
2 5 5
1 0 5
489 104 5
6 0 5
4 13 5
1 0 5
43 3 5
4 11 5
1 5 5
1 0 5
1 0 5
499 96 5
215 13 5
487 92 5
499 98 5
215 8 5
215 9 5
6 1 5
1 0 5
20 53 5
419 822 5
1 0 5
482 94 5
1 0 5
215 8 5
217 7 6
2 9 6
0 3 6
6 0 6
2 5 6
6 0 6
6 0 6
1 123 6
43 3 6
215 11 6
2 5 6
6 14 6
0 3 6
6 0 6
6 0 6
1 0 6
6 0 6
215 8 6
607 564 6
1 0 6
1 0 6
215 10 6
6 0 6
1 0 6
6 0 6
499 98 6
6 0 6
6 0 6
6 0 6
217 7 6
6 0 6
215 11 6
43 3 6
502 113 6
1 0 6
6 0 6
6 0 6
215 11 6
6 0 6
215 8 6
6 0 6
6 0 6
6 0 6
217 8 7
6 0 7
6 0 7
43 3 7
6 0 7
1 0 7
42 6 7
6 0 7
42 2 7
217 9 7
6 0 7
1 0 7
1 0 7
1 0 7
6 0 7
1 0 7
215 8 7
6 0 7
1 0 7
1 0 7
42 1 7
6 0 7
1 0 7
16 2 7
1 0 7
43 3 7
1 0 7
6 0 7
6 0 7
6 0 7
16 2 7
1 0 7
217 8 7
1 0 7
1 0 7
1 0 7
1 0 7
42 6 7
42 2 7
1 0 7
43 3 7
217 8 7
1 0 8
42 6 8
17 3 8
57 0 8
1 0 8
42 6 8
1 0 8
1 0 8
17 3 8
43 2 8
6 0 8
1 0 8
43 3 8
42 1 8
217 8 8
16 2 8
58 0 8
16 3 8
6 0 8
1 0 8
1 0 8
1 0 8
1 0 8
17 3 8
1 94 8
16 3 8
43 2 8
6 0 8
1 0 8
16 3 8
1 0 8
0 2 8
42 2 8
16 3 8
6 0 8
42 6 8
43 3 8
16 3 8
217 7 8
16 3 8
17 3 8
1 0 8
1 0 9
17 3 9
1 0 9
217 8 9
17 3 9
42 3 9
1 0 9
1 0 9
1 0 9
63 0 9
0 0 9
1 0 9
43 2 9
43 3 9
1 0 9
43 2 9
42 2 9
42 6 9
1 0 9
1 0 9
43 2 9
1 0 9
1 0 9
43 2 9
43 2 9
1 0 9
0 0 9
43 2 9
43 2 9
1 0 9
1 0 9
43 2 9
1 0 9
1 0 9
1 0 9
43 2 9
1 0 9
16 3 9
43 2 9
1 0 9
1 0 9
6 0 9
1 0 9
42 3 9
217 7 9
56 0 10
11 1 10
0 0 10
6 0 10
0 0 10
0 0 10
17 3 10
6 0 10
0 0 10
20 2 10
11 1 10
1 0 10
1 0 10
47 0 10
6 0 10
17 3 10
0 0 10
60 0 10
56 0 10
1 0 10
6 0 10
53 0 10
17 3 10
0 0 10
1 0 10
60 0 10
60 0 10
43 2 10
0 0 10
1 0 10
20 2 10
1 0 10
42 6 10
60 0 10
48 0 10
173 5 10
0 0 10
63 0 10
1 0 10
6 0 10
0 0 10
1 0 10
11 1 10
60 0 10
1 0 10
1 0 10
44 0 11
0 0 11
20 2 11
54 0 11
17 3 11
69 0 11
20 1 11
1 0 11
17 3 11
1 0 11
17 2 11
68 0 11
62 0 11
0 0 11
17 3 11
20 1 11
11 1 11
20 2 11
17 3 11
54 0 11
42 0 11
20 2 11
17 2 11
178 1 11
51 0 11
173 5 11
17 2 11
0 0 11
17 3 11
20 2 11
17 2 11
1 0 11
53 0 11
43 3 11
60 0 11
42 0 11
43 3 11
20 2 11
45 0 11
6 0 11
20 2 11
0 0 11
43 0 11
62 3 12
11 1 12
1 0 12
11 1 12
62 3 12
11 1 12
11 1 12
20 2 12
20 1 12
0 0 12
11 1 12
62 3 12
11 1 12
20 1 12
63 3 12
63 3 12
1 0 12
6 0 12
434 167 12
53 0 12
11 1 12
434 168 12
62 1 12
0 0 12
17 4 12
63 3 12
46 0 12
11 1 12
17 2 12
11 1 12
62 3 12
11 1 12
43 0 12
11 1 12
11 1 12
63 3 12
17 2 12
11 1 12
1 0 12
11 1 12
17 3 12
17 3 12
62 1 12
63 0 13
0 0 13
11 1 13
20 0 13
63 0 13
0 0 13
0 0 13
11 23 13
0 0 13
17 3 13
7 0 13
20 0 13
0 0 13
66 0 13
17 2 13
43 0 13
11 23 13
1 0 13
11 1 13
66 0 13
66 0 13
697 2 13
20 1 13
17 3 13
0 0 13
0 0 13
43 0 13
63 3 13
0 0 13
0 0 13
0 0 13
17 3 13
17 3 13
62 3 13
73 0 13
17 3 13
20 2 13
697 2 13
66 0 13
0 0 13
0 0 13
11 1 13
17 2 13
20 0 13
0 0 13
66 0 13
20 1 14
20 0 14
0 0 14
5 4 14
5 3 14
0 0 14
15 21 14
62 1 14
20 1 14
1 0 14
5 4 14
5 5 14
0 0 14
20 0 14
17 3 14
432 172 14
59 0 14
12 26 14
63 2 14
63 3 14
55 0 14
57 0 14
62 1 14
63 0 14
0 0 14
5 4 14
20 1 14
12 26 14
5 4 14
66 0 14
59 0 14
20 1 14
21 0 14
5 3 14
4 0 14
4 0 14
21 0 14
175 5 14
0 0 14
0 0 14
0 0 14
20 1 14
17 3 14
20 0 14
62 1 14
0 0 15
55 0 15
0 0 15
55 0 15
13 13 15
12 26 15
13 13 15
20 0 15
5 2 15
13 18 15
13 25 15
5 3 15
63 3 15
56 0 15
17 3 15
5 4 15
20 0 15
56 0 15
0 0 15
13 18 15
20 0 15
62 2 15
5 4 15
14 9 15
20 0 15
62 1 15
20 1 15
175 5 15
13 26 15
66 0 15
20 0 15
4 5 15
62 2 15
5 4 15
62 2 15
20 0 15
20 0 15
20 0 15
62 3 15
5 4 15
63 3 15
59 1 15
0 0 15
62 2 15
63 0 16
20 0 16
5 4 16
563 19 16
563 20 16
5 4 16
59 1 16
12 29 16
5 3 16
564 21 16
63 0 16
0 0 16
563 17 16
59 1 16
565 27 16
56 0 16
13 18 16
20 0 16
17 28 16
13 9 16
13 18 16
5 4 16
20 0 16
62 2 16
13 13 16
14 10 16
4 0 16
20 0 16
5 4 16
20 0 16
0 49 16
13 15 16
20 0 16
5 4 16
13 10 16
5 4 16
563 16 16
5 4 16
13 9 16
5 4 16
563 19 16
59 1 16
13 16 16
0 0 16
20 0 16
563 16 16
565 27 16
5 4 17
20 0 17
20 0 17
13 11 17
25 6 17
564 21 17
13 8 17
17 23 17
13 11 17
17 23 17
6 3 17
5 4 17
13 6 17
20 0 17
23 5 17
5 3 17
563 17 17
563 17 17
13 8 17
23 6 17
23 5 17
632 446 17
56 0 17
5 4 17
14 12 17
564 21 17
5 3 17
23 5 17
562 21 17
13 9 17
17 25 17
563 18 17
23 5 17
56 0 17
57 0 17
13 11 17
13 9 17
5 3 17
13 6 17
23 6 17
56 0 17
13 11 17
20 0 17
563 19 17
13 8 18
6 4 18
564 23 18
0 0 18
6 3 18
5 3 18
20 0 18
564 23 18
565 26 18
24 7 18
13 13 18
0 0 18
565 26 18
13 11 18
23 7 18
24 6 18
0 0 18
23 5 18
0 0 18
13 11 18
13 16 18
0 0 18
567 26 18
5 3 18
563 18 18
13 13 18
23 7 18
6 3 18
23 6 18
13 7 18
0 0 18
14 9 18
565 24 18
564 23 18
14 11 18
14 10 18
17 25 18
23 7 18
14 13 18
13 9 18
6 3 18
24 6 18
567 25 18
24 7 19
6 3 19
0 0 19
568 24 19
564 21 19
569 24 19
25 5 19
24 6 19
21 0 19
25 6 19
6 3 19
4 0 19
564 21 19
0 0 19
6 3 19
0 0 19
42 3 19
0 0 19
21 0 19
6 3 19
0 0 19
25 5 19
25 6 19
21 1 19
24 6 19
13 5 19
565 24 19
24 7 19
563 18 19
21 0 19
566 23 19
0 0 19
0 0 19
567 25 19
24 6 19
0 0 19
0 0 19
24 6 19
0 0 19
6 4 19
25 5 20
484 95 20
42 2 20
25 3 20
565 26 20
0 0 20
25 5 20
569 25 20
14 9 20
0 0 20
42 2 20
42 1 20
0 0 20
23 6 20
42 2 20
0 0 20
569 26 20
42 1 20
565 25 20
23 6 20
42 1 20
42 1 20
42 2 20
24 7 20
42 2 20
42 2 20
565 26 20
25 5 20
14 15 20
0 0 20
21 1 20
0 0 20
25 5 20
23 7 20
0 0 20
0 0 20
25 5 20
6 3 20
565 25 20
42 2 20
0 0 20
6 3 20
24 6 20
42 2 20
0 0 20
0 0 21
0 1 21
160000 17000 21
42 2 21
0 0 21
0 0 21
42 2 21
0 2 21
42 2 21
42 2 21
484 95 21
42 2 21
0 0 21
25 6 21
42 2 21
0 2 21
160000 17000 21
160000 18000 21
0 0 21
25 5 21
160000 18000 21
25 3 21
25 5 21
42 2 21
25 3 21
160000 18000 21
160000 18000 21
160000 18000 21
42 2 21
160000 18000 21
473 75 21
25 6 21
42 2 21
6 4 21
0 0 21
160000 18000 21
568 25 21
160000 18000 21
160000 19000 21
42 1 21
0 0 21
42 2 21
25 6 21
25 6 21
25 5 21
0 0 21
569 24 21
160000 17000 22
0 3 22
25 5 22
0 3 22
0 0 22
160000 19000 22
160000 18000 22
0 0 22
160000 17000 22
0 0 22
3153 754 22
0 3 22
0 0 22
42 2 22
3101 797 22
3094 794 22
0 0 22
3049 829 22
3101 797 22
3190 662 22
3134 763 22
160000 17000 22
160000 17000 22
0 0 22
42 2 22
571 25 22
0 0 22
0 3 22
42 2 22
3069 798 22
3085 794 22
0 1 22
160000 18000 22
0 0 22
569 26 22
0 2 22
42 2 22
473 75 22
3134 763 22
160000 17000 22
25 5 22
0 2 22
42 2 22
160000 17000 22
3161 748 22
160000 17000 22
160000 18000 23
0 2 23
21 0 23
4068 669 23
4068 669 23
4117 586 23
3161 748 23
3198 687 23
42 2 23
43 2 23
42 2 23
0 3 23
160000 18000 23
4049 718 23
160000 18000 23
43 2 23
4025 807 23
3190 662 23
3198 687 23
21 0 23
0 0 23
160000 17000 23
0 3 23
4049 718 23
4090 631 23
160000 18000 23
25 1 23
3107 775 23
4043 718 23
21 0 23
3179 699 23
3186 699 23
0 3 23
43 2 23
10000 118 23
3041 841 23
25 4 23
0 0 23
0 0 23
0 1 23
160000 17000 23
4036 729 23
3179 699 23
3125 759 23
4076 638 23
0 2 23
43 2 24
21 0 24
75 42 24
3141 768 24
10000 123 24
4105 580 24
4063 681 24
160000 17000 24
76 41 24
2995 86 24
3167 732 24
4124 585 24
4010 844 24
21 0 24
72 41 24
72 41 24
4124 585 24
838 453 24
4117 586 24
4090 634 24
44 2 24
873 181 24
76 42 24
3186 682 24
3141 768 24
4050 703 24
3107 782 24
0 61 24
4105 580 24
160000 17000 24
4100 604 24
21 0 24
0 3 24
0 0 24
4100 604 24
43 2 24
4112 580 24
75 42 24
0 3 24
838 453 24
0 0 24
160000 17000 24
44 2 25
4072 655 25
4050 703 25
3254 664 25
855 344 25
160000 19000 25
867 232 25
855 344 25
21 0 25
3217 683 25
160000 18000 25
3208 686 25
0 3 25
3208 688 25
873 181 25
76 41 25
0 0 25
43 2 25
875 170 25
3001 83 25
3270 662 25
4050 703 25
72 43 25
71 39 25
841 408 25
4094 618 25
875 170 25
72 43 25
841 408 25
4006 866 25
71 41 25
160000 17000 25
862 282 25
870 214 25
160000 18000 25
43 3 25
73 40 25
872 214 25
72 39 25
44 2 25
43 3 25
4072 655 25
4112 577 25
4171 552 26
3013 81 26
160000 18000 26
3006 81 26
2998 81 26
4129 587 26
2998 81 26
3010 82 26
3001 81 26
11000 51 26
160000 19000 26
1779 11 26
11000 44 26
21 0 26
833 550 26
75 42 26
2996 82 26
11000 44 26
160000 17000 26
3354 742 26
2996 82 26
160000 17000 26
72 39 26
842 383 26
4134 587 26
77 42 26
3307 650 26
4174 557 26
3013 81 26
4140 573 26
818 581 26
3239 673 26
76 42 26
3264 662 26
73 39 26
3010 80 26
1780 64 26
3006 80 26
862 280 26
872 199 26
11000 39 26
160000 18000 26
855 356 26
11000 31 27
842 383 27
11000 36 27
4158 556 27
879 150 27
11000 38 27
11000 41 27
215 8 27
3001 81 27
1778 10 27
44 2 27
11000 39 27
11000 39 27
856 334 27
3363 774 27
3330 675 27
2996 80 27
11000 49 27
4247 642 27
11000 44 27
11000 37 27
858 311 27
2997 77 27
842 383 27
11000 41 27
4194 569 27
3006 81 27
856 334 27
4200 574 27
3010 80 27
11000 44 27
11000 36 27
44 2 27
1785 64 27
2996 80 27
71 42 27
3322 655 27
1780 60 27
3278 670 27
824 568 27
4162 552 27
11000 31 27
11000 38 27
3286 648 27
160000 18000 27
11000 31 27
3227 673 27
1778 10 28
4183 557 28
882 132 28
876 157 28
4214 586 28
11000 37 28
11000 36 28
215 17 28
1779 11 28
2991 84 28
11000 30 28
160000 18000 28
137 203 28
4145 566 28
2999 81 28
145 199 28
145 199 28
4145 573 28
215 12 28
215 12 28
885 124 28
215 12 28
4183 565 28
11000 42 28
876 157 28
3317 655 28
14 289 28
1424 84 28
2997 77 28
11000 31 28
163 173 28
160000 19000 28
2997 76 28
3014 84 28
2997 77 28
11000 51 28
2999 81 28
1781 64 28
1778 10 28
11 237 28
20 298 28
1793 63 28
140 199 28
156 191 28
4226 586 28
11000 45 29
7 105 29
1411 94 29
152 191 29
11000 42 29
171 158 29
215 16 29
152 191 29
2989 75 29
3014 83 29
159 191 29
3335 707 29
215 7 29
370 87 29
134 215 29
215 8 29
11000 38 29
864 263 29
81 6 29
159 182 29
11000 40 29
1778 10 29
3014 83 29
81 6 29
901 149 29
1409 87 29
11000 42 29
3414 799 29
189 124 29
215 7 29
215 12 29
166 170 29
370 87 29
1411 94 29
3015 83 29
148 193 29
11000 38 29
3016 82 29
4206 581 29
11000 43 29
879 150 29
169 170 29
902 155 30
1414 98 30
1793 63 30
81 8 30
81 7 30
1433 109 30
1780 19 30
48 499 30
3016 82 30
1779 12 30
81 8 30
4234 613 30
11000 46 30
81 7 30
131 215 30
948 37 30
879 140 30
370 91 30
1415 95 30
1780 54 30
81 8 30
11000 45 30
1413 96 30
169 170 30
81 7 30
81 8 30
888 124 30
370 91 30
81 8 30
1413 96 30
1414 96 30
696 14 30
148 193 30
11000 45 30
11000 40 30
897 135 30
81 8 30
1793 63 30
81 8 30
3020 72 30
1424 93 30
81 7 30
81 8 30
215 6 31
3030 88 31
215 7 31
173 6 31
1411 91 31
171 158 31
3030 88 31
378 68 31
948 74 31
950 32 31
217 9 31
369 90 31
950 32 31
1411 94 31
81 7 31
3014 82 31
1420 75 31
81 7 31
1411 91 31
217 7 31
173 154 31
81 8 31
370 87 31
215 7 31
173 7 31
950 33 31
81 7 31
1414 96 31
81 8 31
215 7 31
3026 74 31
950 33 31
128 224 31
148 197 31
883 128 31
173 6 31
81 7 31
3030 82 31
155 190 31
11000 39 31
3020 72 31
155 190 31
893 121 31
893 121 31
173 6 32
1799 61 32
3026 75 32
4202 29 32
370 87 32
11000 45 32
1415 93 32
173 7 32
81 7 32
373 69 32
1419 74 32
379 63 32
80 9 32
1416 75 32
11 1 32
1798 63 32
1419 74 32
891 119 32
1799 62 32
373 71 32
11 1 32
373 71 32
11000 43 32
11000 45 32
81 7 32
911 166 32
370 83 32
370 83 32
11 1 32
11 1 32
215 17 32
950 28 32
369 93 32
897 135 32
173 7 32
217 7 32
378 65 32
891 119 32
173 7 32
3014 82 32
173 6 32
81 7 32
11000 43 33
950 25 33
950 11 33
81 7 33
374 66 33
950 19 33
3028 77 33
81 7 33
3018 76 33
81 6 33
11 0 33
4202 24 33
81 5 33
0 2 33
1416 75 33
197 120 33
80 8 33
4203 28 33
0 0 33
374 66 33
950 28 33
11000 42 33
1420 80 33
1424 84 33
81 7 33
0 0 33
950 19 33
180 128 33
182 128 33
893 121 33
379 60 33
893 120 33
0 0 33
1415 90 33
0 0 33
947 103 33
950 26 33
950 26 33
1418 68 33
11 1 33
0 2 33
950 25 33
378 65 33
950 17 33
1408 86 34
182 121 34
373 69 34
199 114 34
1408 86 34
81 7 34
18 1 34
89 72 34
4202 28 34
375 68 34
1308 27 34
1434 110 34
0 0 34
1404 63 34
1407 73 34
1431 107 34
1407 73 34
177 136 34
182 128 34
1312 24 34
180 133 34
81 6 34
0 0 34
3024 74 34
175 144 34
1407 82 34
11 1 34
0 0 34
1445 136 34
1308 27 34
81 5 34
11 0 34
1407 85 34
1428 102 34
373 69 34
81 6 34
11 1 34
950 12 34
4202 23 34
4203 26 34
81 6 34
11000 44 34
4202 28 34
175 144 34
0 2 34
183 119 34
190 119 34
11 1 35
381 59 35
2 6 35
11 1 35
1407 82 35
1403 62 35
950 17 35
81 5 35
11 1 35
1 6 35
0 3 35
1408 86 35
1 6 35
17 1 35
6165 20 35
1407 68 35
81 6 35
11000 42 35
81 6 35
1 4 35
950 12 35
1803 61 35
950 17 35
6165 20 35
950 12 35
0 0 35
0 0 35
1408 86 35
381 57 35
4203 25 35
2 6 35
1407 82 35
369 94 35
1797 63 35
182 128 35
18 1 35
195 115 35
81 6 35
1407 68 35
4 10 35
107 16 35
189 124 35
950 12 35
0 0 36
0 0 36
0 0 36
175 7 36
6166 17 36
0 0 36
0 0 36
11000 43 36
197 118 36
950 12 36
4202 22 36
950 12 36
0 0 36
950 14 36
4202 29 36
6166 17 36
201 117 36
18 1 36
0 0 36
382 51 36
4200 33 36
381 59 36
0 0 36
382 53 36
4200 33 36
382 53 36
0 0 36
4203 29 36
18 1 36
0 1 36
4200 33 36
383 50 36
950 12 36
82 5 36
0 0 36
80 8 36
11 1 36
2 7 36
17 2 36
382 57 36
0 0 36
0 0 36
1 3 36
18 1 36
950 12 36
0 0 36
11 3 36
4200 33 36
381 59 36
4202 29 37
2 6 37
11 3 37
4201 18 37
4202 29 37
0 3 37
11000 40 37
384 45 37
6165 21 37
11 2 37
18 1 37
107 16 37
11 2 37
107 22 37
175 5 37
27 8 37
0 0 37
6165 21 37
0 0 37
2 4 37
6165 21 37
27 8 37
11 2 37
2 7 37
0 1 37
6165 22 37
82 2 37
4198 33 37
0 3 37
208 123 37
394 0 37
382 50 37
11 0 37
107 22 37
11 2 37
4203 29 37
4203 29 37
4201 17 37
107 16 37
1 4 37
0 0 37
2 5 37
107 20 37
394 1 37
382 52 38
4202 29 38
0 0 38
11 4 38
0 0 38
394 1 38
82 2 38
6165 30 38
6165 20 38
6166 20 38
4202 30 38
18 1 38
951 12 38
4201 20 38
2 6 38
27 7 38
6166 20 38
1312 20 38
394 0 38
394 1 38
4202 29 38
82 4 38
6167 14 38
4198 33 38
27 7 38
4198 31 38
394 0 38
394 0 38
6165 22 38
6166 20 38
394 0 38
4168 20 38
11 2 38
4201 21 38
952 7 38
11 2 38
6167 15 38
4201 17 38
6165 22 38
175 7 38
2 6 38
2 7 38
107 20 38
0 0 38
2 6 38
951 11 39
0 1 39
383 49 39
952 7 39
6165 20 39
175 6 39
6168 14 39
6165 20 39
3 6 39
394 0 39
394 1 39
28 9 39
107 12 39
82 2 39
27 7 39
6167 12 39
4 10 39
394 1 39
4197 22 39
107 12 39
6167 11 39
394 0 39
6167 12 39
394 0 39
2 6 39
6167 15 39
6166 19 39
0 0 39
0 0 39
394 0 39
394 0 39
4160 20 39
6165 20 39
4187 22 39
1401 60 39
0 0 39
0 1 39
107 20 39
394 0 39
6166 17 39
3 6 39
27 9 39
0 0 39
3 7 39
2 6 39
27 9 40
6165 20 40
11 4 40
104 11 40
11 4 40
27 9 40
952 5 40
104 11 40
104 11 40
107 18 40
6167 14 40
394 1 40
17 3 40
0 0 40
27 9 40
0 0 40
6167 15 40
107 13 40
107 21 40
952 8 40
1308 26 40
6167 14 40
394 0 40
0 0 40
385 40 40
6167 12 40
6170 15 40
403 3 40
1308 26 40
6166 17 40
3 6 40
107 22 40
2 6 40
6168 14 40
107 12 40
104 11 40
107 13 40
6167 11 40
951 8 40
951 8 40
82 4 40
952 8 40
27 9 40
27 9 40
394 1 40
0 0 40
107 20 40
1310 24 40
28 10 41
394 1 41
6167 14 41
107 12 41
28 9 41
394 1 41
952 8 41
394 1 41
104 11 41
102 14 41
102 14 41
6 0 41
11 4 41
951 8 41
104 11 41
6 0 41
107 13 41
104 11 41
104 11 41
394 1 41
107 13 41
27 9 41
0 0 41
1309 26 41
1 4 41
3 6 41
4137 18 41
104 11 41
28 10 41
6164 36 41
27 6 41
6167 11 41
11 4 41
6167 12 41
107 13 41
394 1 41
384 46 41
0 0 41
394 1 41
6168 13 41
394 1 41
107 12 41
952 8 41
1312 24 42
0 0 42
1312 21 42
0 0 42
1309 25 42
394 1 42
1309 25 42
104 10 42
953 3 42
1309 26 42
10 4 42
1310 24 42
3 7 42
1306 28 42
394 1 42
178 2 42
104 10 42
178 2 42
3 6 42
28 9 42
0 0 42
104 11 42
178 2 42
394 1 42
394 0 42
28 9 42
102 13 42
178 2 42
104 10 42
1311 26 42
0 0 42
1 6 42
1311 26 42
1309 26 42
953 5 42
953 5 42
6169 17 42
1309 25 42
3 6 42
4145 19 42
104 11 42
1312 24 42
28 10 43
0 0 43
0 0 43
5 9 43
104 11 43
1312 19 43
102 13 43
5 10 43
1312 19 43
3 7 43
39 8 43
39 8 43
394 1 43
10 3 43
384 41 43
102 15 43
104 11 43
104 10 43
28 11 43
6169 15 43
104 12 43
28 10 43
102 13 43
1311 23 43
28 10 43
394 1 43
10 4 43
104 11 43
10 3 43
7 0 43
27 6 43
104 11 43
104 10 43
5 7 43
3 6 43
104 11 43
6168 14 43
1311 23 43
1312 24 43
953 3 43
40 7 43
394 1 43
102 15 43
102 11 43
10 5 44
179 6 44
10 5 44
1306 29 44
403 3 44
178 1 44
0 0 44
179 6 44
6169 17 44
272 8 44
179 9 44
0 0 44
179 8 44
39 9 44
272 8 44
179 7 44
0 0 44
179 7 44
10 5 44
394 1 44
39 8 44
394 1 44
104 10 44
10 5 44
39 9 44
394 1 44
28 10 44
394 1 44
179 7 44
10 4 44
39 8 44
28 10 44
2 6 44
0 0 44
10 4 44
178 3 44
394 1 44
28 12 44
39 8 45
178 2 45
11 3 45
39 8 45
39 8 45
178 1 45
105 6 45
28 10 45
0 0 45
178 4 45
102 17 45
40 7 45
394 2 45
0 0 45
11 3 45
10 4 45
10 4 45
105 6 45
104 10 45
1311 26 45
0 0 45
4110 19 45
178 4 45
104 7 45
10 4 45
28 10 45
11 3 45
269 7 45
10 2 45
28 10 45
6 11 45
178 2 45
28 10 45
40 8 45
0 0 45
1313 14 45
10 4 45
40 8 45
10 4 45
28 11 45
28 10 45
105 6 45
179 7 45
394 1 45
179 8 45
10 2 45
39 8 45
40 9 46
394 1 46
28 8 46
178 2 46
1314 12 46
7 0 46
179 9 46
394 0 46
1313 11 46
40 9 46
10 4 46
178 2 46
1 3 46
272 9 46
953 5 46
40 8 46
39 9 46
180 12 46
1 3 46
10 3 46
1313 11 46
178 2 46
10 4 46
10 2 46
40 9 46
178 2 46
179 10 46
33 14 46
1313 14 46
28 9 46
28 12 46
272 8 46
178 2 46
40 9 46
394 2 46
105 5 46
1312 15 46
28 9 46
4098 24 46
178 3 46
2 4 46
272 9 46
268 6 47
1313 10 47
4127 19 47
11 3 47
268 6 47
270 8 47
272 8 47
11 3 47
0 0 47
40 8 47
181 18 47
1 3 47
10 4 47
3 4 47
40 9 47
34 22 47
180 12 47
180 12 47
34 20 47
40 7 47
2 4 47
2 4 47
270 8 47
1313 11 47
11 3 47
179 6 47
102 18 47
34 16 47
269 7 47
272 8 47
270 8 47
1313 12 47
1306 28 47
1313 12 47
1 3 47
34 19 47
180 12 47
105 6 47
40 9 47
29 8 47
269 7 47
34 16 47
29 7 47
40 8 47
1 3 47
2 4 48
40 7 48
265 8 48
1 3 48
181 14 48
40 7 48
29 7 48
2 4 48
696 2 48
3 4 48
1 3 48
39 78 48
40 8 48
34 20 48
274 8 48
11 3 48
32 10 48
265 8 48
40 6 48
7 0 48
33 13 48
697 1 48
33 13 48
268 7 48
40 6 48
34 19 48
33 15 48
40 8 48
32 10 48
39 9 48
694 3 48
696 2 48
180 12 48
394 2 48
3 4 48
2 4 48
2 5 48
29 8 48
1313 11 48
40 8 48
29 6 48
2 4 48
1313 10 48
2 4 48
1 3 48
2 4 48
9 4 49
3 5 49
2 5 49
40 9 49
2 5 49
11 3 49
9 4 49
1313 10 49
1313 11 49
34 21 49
2 5 49
4125 20 49
269 7 49
34 21 49
3 3 49
1 3 49
3 2 49
275 9 49
3 4 49
40 7 49
181 15 49
33 14 49
9 0 49
267 7 49
32 10 49
102 15 49
34 22 49
257 10 49
34 22 49
9 0 49
40 11 49
9 4 49
32 10 49
32 11 49
3 3 49
11 3 49
40 10 49
268 7 49
1313 10 49
11 2 49
269 7 49
2 5 49
32 14 50
32 13 50
264 8 50
32 14 50
9 4 50
265 8 50
181 13 50
9 4 50
395 2 50
70 16 50
0 0 50
70 16 50
11 2 50
62 3 50
261 7 50
181 12 50
269 7 50
10 4 50
3 4 50
9 1 50
34 26 50
3 4 50
9 4 50
32 14 50
9 1 50
265 8 50
3 3 50
7 1 50
9 4 50
694 3 50
9 4 50
39 8 50
7 1 50
29 7 50
33 15 50
11 2 50
9 3 50
181 12 50
181 12 50
256 10 50
40 11 50
34 22 50
181 14 50
32 13 50
259 10 51
9 4 51
7 1 51
71 18 51
40 13 51
9 4 51
71 18 51
7 1 51
3 2 51
2 4 51
70 16 51
7 1 51
1 3 51
403 3 51
9 4 51
257 10 51
403 3 51
7 1 51
261 7 51
9 4 51
11 2 51
7 1 51
3 2 51
70 16 51
71 15 51
3 4 51
9 4 51
9 4 51
11 1 51
9 3 51
70 16 51
278 12 51
34 26 51
9 3 51
9 4 51
7 1 51
34 24 51
181 12 51
9 4 51
694 3 51
71 15 52
71 15 52
40 12 52
71 15 52
70 16 52
71 19 52
71 17 52
11 2 52
71 20 52
7 1 52
9 4 52
403 3 52
2 0 52
32000 139 52
3 1 52
40 13 52
105 5 52
403 3 52
40 13 52
71 17 52
7 1 52
7 1 52
9 4 52
9 4 52
62 3 52
34 28 52
9 4 52
259 9 52
403 3 52
32000 139 52
403 3 52
71 15 52
71 20 52
70 16 52
9 4 52
10 4 52
3 1 52
34 27 52
262 8 52
71 17 52
403 3 52
71 17 52
34 28 52
181 13 52
3 1 52
403 3 52
260 8 53
403 3 53
7 1 53
8603 2392 53
11 2 53
403 3 53
403 3 53
403 4 53
71 18 53
0 0 53
71 15 53
60 48 53
105 5 53
257 11 53
9 1 53
0 0 53
71 19 53
24 18 53
403 4 53
9 4 53
9 4 53
260 8 53
260 9 53
7 1 53
7 1 53
60 48 53
8603 2392 53
106 6 53
34 30 53
403 3 53
34 31 53
403 3 53
60 49 53
24 18 53
2 4 53
0 3 53
9 4 53
105 5 53
71 17 53
32000 118 53
403 4 53
6 0 54
0 0 54
24 20 54
25 13 54
259 10 54
71 22 54
9 4 54
71 22 54
694 7 54
403 3 54
70 18 54
24 19 54
40 12 54
403 3 54
11 2 54
25 14 54
6 0 54
0 1 54
32000 119 54
24 19 54
7 1 54
60 49 54
2 0 54
71 19 54
7 1 54
25 14 54
259 11 54
71 22 54
64 3 54
24 19 54
6 0 54
9 4 54
6 0 54
403 3 54
9 4 54
8649 2391 54
32000 119 54
7 1 54
403 4 54
6 0 54
403 3 54
32000 118 55
6 0 55
6 0 55
6 0 55
105 5 55
0 0 55
0 2 55
32000 119 55
71 19 55
25 14 55
0 1 55
6 0 55
32000 118 55
25 13 55
403 3 55
300000 27000 55
6 0 55
9 1 55
25 17 55
693 5 55
403 4 55
403 3 55
6 0 55
60 49 55
403 4 55
0 0 55
32000 114 55
403 4 55
7 1 55
300000 25000 55
6 7 55
2 4 55
7 1 55
6 0 55
32000 114 55
35 47 55
0 0 55
71 22 55
32000 119 55
300000 27000 55
7 1 55
1 2 56
694 3 56
0 0 56
25 18 56
25 14 56
65 58 56
71 22 56
0 0 56
32000 162 56
394 4 56
25 14 56
693 5 56
270000 11000 56
11 2 56
25 17 56
403 3 56
9386 18000 56
300000 27000 56
300000 27000 56
25 18 56
6 0 56
65 59 56
0 0 56
300000 26000 56
32000 131 56
70 17 56
270000 11000 56
71 22 56
7 8 56
6 0 56
6 0 56
32000 3929 56
270000 8579 56
8767 2377 56
2 0 56
397 4 56
71 22 56
25 17 56
300000 25000 56
6 0 56
8752 2373 56
0 1 56
6 0 56
6 0 56
270000 8662 56
0 0 56
31000 8108 57
25 14 57
71 22 57
300000 26000 57
25 17 57
300000 26000 57
25 16 57
71 22 57
300000 25000 57
9386 18000 57
6 0 57
25 16 57
32000 4975 57
1 2 57
34 34 57
23 21 57
270000 11000 57
8788 2376 57
694 5 57
31000 8190 57
23 21 57
270000 11000 57
72 26 57
25 18 57
25 17 57
8833 2400 57
72 25 57
9 4 57
25 17 57
8186 15000 57
300000 26000 57
300000 26000 57
0 0 57
6 0 57
9 1 57
394 4 57
300000 27000 57
32000 131 57
25 16 57
7 8 57
270000 10000 57
7 8 57
9764 20000 58
6 0 58
6 0 58
71 22 58
32000 114 58
144 100 58
6 0 58
32000 4539 58
34 38 58
70 17 58
8907 2436 58
6 0 58
32000 3402 58
6 0 58
8186 15000 58
6715 13000 58
300000 26000 58
72 26 58
300000 25000 58
32000 3445 58
9764 20000 58
32000 3452 58
0 2 58
270000 10000 58
368 5 58
6 0 58
300000 27000 58
270000 10000 58
7 1 58
31000 8018 58
31000 7974 58
25 14 58
270000 10000 58
8855 2425 58
184 4 58
300000 26000 58
270000 10000 58
25 14 58
71 22 58
25 17 58
300000 25000 58
4439 64 59
32000 2900 59
9 4 59
1458 31 59
694 3 59
1738 127 59
8547 15000 59
6 0 59
7 5 59
1719 165 59
31000 7830 59
300000 29000 59
32000 3878 59
184 7 59
9 4 59
270000 10000 59
32000 108 59
331 5 59
1719 164 59
1738 127 59
6 0 59
1719 164 59
22 21 59
33000 7479 59
72 22 59
270000 8202 59
7 3 59
300000 25000 59
32000 3445 59
300000 25000 59
32000 2900 59
300000 22000 59
300000 24000 59
6 0 59
270000 9571 59
331 5 59
31000 8003 59
13000 28000 59
270000 10000 59
7 1 59
32000 2986 59
300000 25000 59
353 5 59
6 0 59
270000 10000 59
270000 9115 59
32000 6860 60
32000 3670 60
4692 12000 60
292 6 60
5381 13000 60
7 1 60
347 25 60
31000 8003 60
300000 24000 60
274 7 60
4118 10000 60
4439 66 60
32000 114 60
270000 9829 60
6 0 60
7 2 60
3164 980 60
0 2 60
270000 11000 60
3748 114 60
32000 5299 60
9 1 60
300000 21000 60
3164 980 60
32000 108 60
31000 8056 60
1719 164 60
270000 9115 60
6 1 60
5381 13000 60
32000 3917 60
4142 123 60
6 1 60
32000 3156 60
8547 15000 60
5064 12000 60
6 0 60
300000 21000 60
270000 8258 60
32000 114 60
8956 16000 60
270000 9813 60
32000 3670 60
3920 122 60
4142 117 61
309 5 61
32000 3917 61
6079 13000 61
32000 3038 61
270000 8447 61
300000 20000 61
32000 5332 61
145 102 61
270000 8333 61
4626 45 61
1458 40 61
270000 12000 61
347 25 61
283 6 61
4142 123 61
326 5 61
32000 3912 61
31000 3133 61
4170 117 61
32000 3156 61
1461 25 61
32000 147 61
3982 120 61
270000 8225 61
1462 23 61
77000 20000 61
1452 50 61
32000 108 61
32000 3917 61
300000 21000 61
145 102 61
300000 29000 61
3183 760 61
13000 28000 61
1723 167 61
32000 3911 61
1462 22 61
7 3 61
32000 3912 61
6079 13000 61
12000 27000 61
6 1 61
72 22 61
300000 20000 61
8956 15000 61
25 16 62
128 76 62
32000 114 62
3950 121 62
300000 21000 62
1461 25 62
32000 5213 62
3950 121 62
4428 75 62
1452 50 62
37000 4198 62
7285 14000 62
1717 178 62
33000 7593 62
162 108 62
1458 40 62
7285 14000 62
4439 64 62
1461 25 62
270000 12000 62
298 5 62
32000 114 62
3748 114 62
32000 125 62
129 81 62
3861 122 62
3777 118 62
1723 167 62
1458 41 62
32000 5025 62
4100 127 62
352 36 62
1727 149 62
33000 7305 62
32000 3917 62
1723 167 62
31000 4027 62
25 17 62
32000 5398 62
128 76 62
3982 120 62
6 1 62
144 100 62
3777 120 63
32000 120 63
3597 122 63
3802 120 63
1458 41 63
4218 10000 63
1461 25 63
33000 8438 63
300000 24000 63
10000 23000 63
346 29 63
6 1 63
161 113 63
300000 20000 63
347 27 63
2569 9664 63
4409 110 63
4626 57 63
4441 64 63
346 29 63
6 0 63
4409 110 63
32000 147 63
129 81 63
15000 30000 63
10000 21000 63
344 27 63
346 30 63
4441 64 63
32000 131 63
3463 6959 63
4626 45 63
4231 119 63
348 26 63
3802 120 63
456 804 63
4100 127 63
1462 22 63
1740 124 63
1713 175 63
1460 28 63
1453 48 63
4626 57 63
7 2 63
348 27 63
322 54 64
151 101 64
346 30 64
4422 84 64
4422 84 64
4426 80 64
32000 154 64
1450 57 64
4433 68 64
3892 10000 64
322 54 64
1453 48 64
1460 28 64
344 27 64
456 804 64
1732 140 64
32000 125 64
300000 22000 64
4426 80 64
1739 133 64
1732 140 64
344 29 64
1462 23 64
31000 5027 64
4400 10000 64
1458 28 64
76000 19000 64
1458 45 64
4409 104 64
25 15 64
349 30 64
32000 116 64
141 95 64
300000 21000 64
4444 63 64
305 5 64
4056 127 64
1458 41 64
4424 84 65
37000 4296 65
1462 23 65
1691 4 65
3004 9946 65
77000 21000 65
3685 121 65
13000 10000 65
300000 24000 65
3892 125 65
4409 104 65
4592 10000 65
1690 3 65
300000 23000 65
161 113 65
3892 125 65
25 16 65
4405 145 65
3004 9946 65
326 17 65
270000 7968 65
34000 9233 65
75000 17000 65
1690 3 65
1712 184 65
346 30 65
4056 129 65
158 108 65
32000 120 65
75000 17000 65
348 26 65
6 1 65
1453 48 65
326 19 65
348 26 65
4400 161 65
348 26 65
36000 3918 65
326 18 65
131 83 65
33000 9005 65
151 101 65
4492 10000 65
347 25 65
4428 70 66
4421 87 66
1691 4 66
78000 21000 66
929 5 66
20000 38000 66
13000 10000 66
6 1 66
3685 121 66
37000 4553 66
148 101 66
4399 180 66
4316 113 66
18000 38000 66
37000 4054 66
24000 43000 66
1458 38 66
326 17 66
1462 23 66
342 27 66
134 4 66
3168 895 66
1458 38 66
300000 22000 66
163 25 66
4434 67 66
345 30 66
4439 64 66
45 136 66
1691 4 66
15000 11000 66
13000 10000 66
131 83 66
4436 71 66
487 842 66
4428 68 66
4428 70 66
4412 92 66
163 25 66
4424 84 66
78000 22000 66
4428 70 66
270000 8107 66
37000 4374 66
334 652 67
15000 11000 67
1764 127 67
273 489 67
91 293 67
1461 24 67
166 23 67
342 28 67
347 27 67
483 832 67
326 18 67
168 107 67
126 77 67
1691 4 67
75000 19000 67
134 4 67
3168 895 67
347 27 67
4166 1134 67
4176 1134 67
300000 22000 67
270000 7912 67
3575 10000 67
2760 9706 67
148 101 67
2760 9737 67
164 26 67
41 120 67
134 4 67
131 83 67
2666 9706 67
32000 142 67
75000 19000 67
345 31 67
1691 2 67
45 136 67
4412 98 67
2666 9706 67
326 16 67
37000 4873 67
14000 11000 67
37000 4703 67
34000 10000 67
2 0 68
166 23 68
36000 4095 68
348 28 68
326 16 68
265 494 68
11000 11000 68
4188 1126 68
475 803 68
34000 9204 68
1691 3 68
4426 83 68
322 50 68
373 667 68
36000 4095 68
12000 11000 68
164 26 68
1461 24 68
1775 132 68
349 28 68
464 803 68
4261 1090 68
4412 92 68
1449 63 68
97 310 68
273 489 68
1690 4 68
326 19 68
464 803 68
59 163 68
3786 10000 68
1691 4 68
75000 18000 68
125 77 68
76 230 68
4426 83 68
15000 11000 68
76000 19000 68
74000 18000 68
134 4 68
4434 67 68
21000 39000 68
270000 7874 68
74000 18000 69
348 28 69
336 36 69
34000 9180 69
425 815 69
325 51 69
321 49 69
1691 3 69
1766 135 69
4188 1126 69
77 16 69
75000 18000 69
59 163 69
384 673 69
1691 3 69
202 508 69
12000 11000 69
1689 3 69
13000 10000 69
352 33 69
4347 105 69
81 257 69
36000 3877 69
75000 17000 69
11 1 69
12000 11000 69
3633 119 69
13000 10000 69
4003 10000 69
11 1 69
11 5 69
76000 19000 69
202 508 69
20000 37000 69
326 16 69
134 4 69
103 328 69
4433 68 69
3176 806 69
99 320 69
13000 10000 69
166 23 69
349 30 69
405 683 69
51 189 70
14 65 70
12000 11000 70
78000 22000 70
356 38 70
19000 40000 70
11 5 70
11 1 70
134 4 70
171 120 70
420 683 70
134 4 70
12000 11000 70
26 73 70
13000 10000 70
34 96 70
3143 1016 70
21 73 70
51 189 70
13000 10000 70
4447 64 70
77000 20000 70
1689 3 70
4433 68 70
3176 806 70
134 7 70
76000 19000 70
11 6 70
164 26 70
342 28 70
41 10 70
74000 18000 70
1690 4 70
19 69 70
47 148 70
427 678 70
36000 4000 70
1690 4 70
74000 18000 70
48 161 70
14000 11000 70
47 148 70
74000 18000 70
11 6 70
49 174 70
11 0 71
41 6 71
282 484 71
49 174 71
36000 3927 71
37000 5140 71
41 11 71
245 511 71
297 481 71
168 108 71
12000 11000 71
172 31 71
134 4 71
2 0 71
3130 1040 71
37000 4122 71
929 5 71
929 5 71
11 0 71
169 112 71
36000 3897 71
12000 11000 71
210 517 71
4450 72 71
26 73 71
164 26 71
12 24 71
35 96 71
163 25 71
290 481 71
326 20 71
134 7 71
41 11 71
48 148 71
18 85 71
14000 11000 71
297 481 71
74000 18000 71
134 4 71
12000 11000 71
282 484 71
3325 100 71
12 26 71
38 9 72
73 221 72
77 151 72
11 3 72
11 5 72
4446 63 72
35 96 72
15000 11000 72
163 28 72
15 5 72
78 154 72
74000 18000 72
249 511 72
4448 67 72
14000 11000 72
4273 1069 72
11 0 72
4273 1069 72
11 3 72
1689 3 72
62 162 72
293 467 72
245 511 72
210 517 72
1690 4 72
14 3 72
65 162 72
14000 11000 72
43 160 72
41 4 72
300000 28000 72
14 3 72
165 27 72
77 17 72
172 31 72
11 2 72
290 484 72
3176 806 72
254 504 72
4446 64 72
14000 11000 72
12000 11000 72
38 9 72
65 162 73
107 337 73
2 0 73
11 0 73
41 9 73
77 17 73
74000 18000 73
2 47 73
74 15 73
11 3 73
2363 9521 73
11 5 73
43 160 73
0 19 73
4141 1127 73
11 0 73
39 10 73
15 0 73
322 570 73
321 51 73
29 86 73
11 3 73
76000 19000 73
2363 9521 73
36 99 73
317 570 73
85 281 73
75000 19000 73
15 0 73
14 59 73
12000 11000 73
338 656 73
13 29 73
164 27 73
4120 1142 73
249 511 73
41 4 73
11 2 73
34 96 73
41 5 73
1691 3 73
14 2 74
11 0 74
48 159 74
41 6 74
52 170 74
29 86 74
11 0 74
67 170 74
12000 5971 74
2 0 74
74000 17000 74
14 2 74
38 9 74
0 31 74
74000 17000 74
41 7 74
3123 1067 74
3 3 74
79000 24000 74
5676 10000 74
11 0 74
223 519 74
36000 3967 74
62 201 74
2 0 74
41 9 74
15 5 74
77 15 74
74000 18000 74
11000 11000 74
356 653 74
15 1 74
12000 11000 74
41 9 74
11 5 74
36000 4034 74
11 3 74
51 168 74
440 683 74
41 9 74
74 164 74
18 85 74
68 211 74
2 0 75
33 89 75
39 10 75
11 5 75
7 10 75
77 18 75
13000 10000 75
2 0 75
11 0 75
223 519 75
14 3 75
38 10 75
7 10 75
15 5 75
42 158 75
13000 10000 75
42 158 75
17 53 75
13000 10000 75
2 0 75
2 0 75
163 31 75
41 9 75
15 0 75
2 0 75
38 9 75
11 5 75
14000 10000 75
77 18 75
41 9 75
2 0 75
12000 11000 75
11 5 75
15 1 75
38 10 75
2 0 75
2 2 75
15 5 75
41 9 75
1156 6251 75
2 0 75
11 258 75
78000 22000 75
51 168 75
79000 24000 75
13 29 76
55 1 76
14 3 76
2 0 76
15 5 76
37000 5322 76
69 1 76
237 516 76
11000 11000 76
14 3 76
15 0 76
15 1 76
2 2 76
36 105 76
193 501 76
2 1 76
16000 11000 76
2 0 76
2 0 76
14 3 76
80000 25000 76
41 7 76
55 195 76
36 105 76
59 194 76
46 166 76
29 86 76
14 3 76
4110 1143 76
39 11 76
14 3 76
15 1 76
2 0 76
46 166 76
78000 23000 76
15 5 76
48 159 76
2 2 76
14 2 76
2 3 76
39 11 76
77 19 76
77 15 76
15 5 76
37000 5926 76
70 169 76
2 0 76
2 2 77
11 0 77
14 3 77
2 1 77
41 6 77
14 3 77
14 3 77
180 520 77
2 3 77
260 497 77
14 3 77
14 3 77
15 5 77
2 0 77
41 9 77
38 9 77
76 15 77
254 504 77
7 13 77
2 0 77
12000 6041 77
38000 6191 77
15 5 77
2 1 77
2 0 77
303 504 77
3 3 77
3 3 77
76 16 77
2 0 77
223 519 77
11 0 77
15 4 77
310 504 77
2 0 77
14 2 77
16000 11000 77
463 738 78
14 2 78
38 10 78
11 41 78
2 1 78
41 9 78
69 1 78
54 0 78
2 0 78
15 1 78
18 106 78
76 17 78
2 0 78
38 10 78
56 165 78
14 47 78
77 17 78
54 0 78
40 146 78
54 0 78
15 0 78
2 2 78
76 15 78
2 1 78
2 0 78
2 2 78
55 1 78
14 3 78
1084 5938 78
77 15 78
56 3 78
2 0 78
76 17 78
2 0 78
38 10 78
76 15 78
56 165 78
15 1 78
2 0 78
111 355 78
15 7 79
48 159 79
54 0 79
46 166 79
11 4 79
2 1 79
2 2 79
2 1 79
2 1 79
15 1 79
77 15 79
54 1 79
74 17 79
38 10 79
2 3 79
54 0 79
452 700 79
74 17 79
74 17 79
70 5 79
2 0 79
15 1 79
65000 469 79
164 450 79
2 0 79
14 3 79
54 1 79
15 1 79
70 5 79
11 0 79
2 0 79
76 18 79
11000 11000 79
15 1 79
76 15 79
2 15 79
115 3 79
116 365 79
3 3 79
40 11 79
15 1 79
3 3 79
69 4 79
55 1 79
40 11 79
40000 316 80
2 0 80
14 3 80
1820 9 80
54 0 80
11 0 80
74 17 80
70 5 80
2 2 80
2 2 80
531 830 80
41 9 80
2 0 80
15 0 80
69 2 80
54 0 80
2 0 80
2 0 80
38 149 80
68 1 80
54 0 80
68 2 80
55 1 80
68 1 80
178 518 80
55 1 80
78 151 80
2 1 80
69 1 80
83 136 80
2 0 80
56 5 80
74 17 80
15 1 80
41 9 80
77 149 80
54 1 80
55 1 80
56 5 80
18 106 80
55 1 80
15 0 80
54 0 80
2 3 80
65000 487 80
55 4 81
15 2 81
54 1 81
56 3 81
76 17 81
17 83 81
2 1 81
74 16 81
55 5 81
39000 321 81
63000 528 81
2 15 81
69 2 81
2 15 81
55 4 81
14 2 81
54 1 81
77 17 81
89 148 81
74 17 81
8 17 81
68 1 81
74 17 81
69 1 81
54 0 81
15 0 81
83 149 81
68 2 81
14 3 81
54 1 81
2 3 81
13 36 81
74 16 81
1845 10 81
2 0 81
54 1 81
54 1 81
15 0 81
11 0 81
84 138 81
11 0 81
87 155 81
11 0 81
69 1 82
56 5 82
55 1 82
2 0 82
15 1 82
69 3 82
3 3 82
15 0 82
117 1 82
70 5 82
15 0 82
119 1 82
113 3 82
14 3 82
8 16 82
13 48 82
38 10 82
19 118 82
69 3 82
117 1 82
68 1 82
39000 315 82
56 5 82
56 3 82
55 4 82
54 1 82
68 1 82
56 5 82
2 2 82
2 3 82
68 1 82
115 1 82
4 8 82
54 0 82
9 21 82
15 0 82
74 18 82
14 3 82
2 0 82
119 1 82
11 5 82
68 2 82
11 5 82
1894 11 83
78 17 83
2 1 83
117 1 83
56 5 83
117 0 83
117 1 83
15 1 83
74 16 83
15 1 83
1850 10 83
1894 11 83
119 1 83
14 2 83
55 4 83
74 16 83
74 18 83
117 1 83
69 3 83
113 3 83
54 0 83
318 57 83
37 154 83
2 2 83
56 5 83
0 0 83
69 3 83
56 5 83
55 5 83
68 1 83
2 2 83
15 0 83
11 5 83
2 1 83
14 30 83
118 1 83
1811 10 84
5 12 84
112 4 84
118 1 84
1874 10 84
42 8 84
11 4 84
1874 10 84
15 4 84
15 6 84
15 4 84
0 0 84
74 18 84
87 146 84
54 0 84
1822 9 84
56 5 84
23 138 84
15 1 84
119 1 84
56 4 84
4 3 84
1890 9 84
2 2 84
10 20 84
6 23 84
56 4 84
15 1 84
14 30 84
4 3 84
68 1 84
1839 11 84
54 1 84
54 0 84
2 16 84
11 0 84
326 62 84
15 0 84
117 1 84
1842 10 84
55 1 84
112 4 84
56 5 84
56 3 84
69 3 84
1839 11 85
116 1 85
1842 10 85
312 49 85
1805 11 85
1864 11 85
11 5 85
0 0 85
15 0 85
54 0 85
117 1 85
6 23 85
327 66 85
1840 9 85
1890 9 85
0 0 85
312 49 85
2 1 85
4 4 85
68 1 85
4 7 85
2 1 85
0 0 85
6 23 85
55 1 85
15 0 85
1845 10 85
19 38 85
15 0 85
3 19 85
56 4 85
332 69 85
0 0 85
74 17 85
15 0 85
2 16 85
42 8 85
56 3 85
0 0 85
55 4 85
15 0 85
74 18 85
117 1 85
2 0 85
7 10 86
70 5 86
7 10 86
332 66 86
68 1 86
69 2 86
4 7 86
116 1 86
89 148 86
333 65 86
0 0 86
2 0 86
1864 11 86
1864 11 86
54 1 86
0 0 86
74 16 86
0 0 86
0 0 86
0 0 86
7 10 86
6 23 86
1823 8 86
4 4 86
69 2 86
55 1 86
14 2 86
118 1 86
15 0 86
313 48 86
3 19 86
115 1 86
118 1 86
0 0 86
15 6 86
7 10 86
54 1 86
2 0 86
316 50 86
15 33 86
56 3 86
116 1 87
68 2 87
0 0 87
0 9 87
321 63 87
5 7 87
4 8 87
56 3 87
68 1 87
0 0 87
55 4 87
8 36 87
313 48 87
7 10 87
42 9 87
15 6 87
0 0 87
0 0 87
0 0 87
54 1 87
0 0 87
54 1 87
7 11 87
3 10 87
319 56 87
7 15 87
0 0 87
2 2 87
1884 9 87
0 0 87
0 0 87
16 2 87
321 63 87
1822 8 87
316 55 87
15 0 87
319 56 87
68 2 87
56 5 87
320 57 87
68 1 87
0 0 87
5 7 87
6 13 88
7 13 88
0 0 88
56 5 88
0 0 88
0 0 88
56 5 88
1 10 88
2 0 88
0 0 88
119 1 88
0 0 88
0 0 88
316 50 88
16 2 88
5 10 88
16 6 88
0 0 88
321 58 88
55 4 88
0 0 88
1832 9 88
54 0 88
4 8 88
1874 10 88
0 0 88
320 56 88
1884 9 88
0 0 88
2 0 88
316 55 88
13 41 88
0 0 88
316 55 88
112 4 88
1827 9 88
3 3 88
16 2 89
8 32 89
55 4 89
0 0 89
7 30 89
0 0 89
56 4 89
0 0 89
4 5 89
55 4 89
2 0 89
0 0 89
0 0 89
78 17 89
117 1 89
3 3 89
0 1 89
0 0 89
3 3 89
117 1 89
1 11 89
118 1 89
1919 11 89
1820 9 89
1 10 89
0 0 89
74 16 89
0 9 89
0 0 89
0 0 89
56 4 89
313 50 89
0 0 89
8 16 90
0 6 90
116 1 90
0 0 90
0 0 90
0 0 90
0 1 90
3 3 90
0 4 90
1856 10 90
68 2 90
78 17 90
119 1 90
116 1 90
323 62 90
0 2 90
4 4 90
0 6 90
118 1 90
0 0 90
313 48 90
0 0 90
0 0 90
1879 10 90
0 0 90
0 4 90
0 3 90
1856 11 90
0 1 90
55 1 90
70 5 91
0 0 91
1833 8 91
1833 8 91
6 9 91
310 42 91
1 8 91
6 9 91
78 17 91
75000 17000 91
0 0 91
0 0 91
2 0 91
314 49 91
0 3 91
4 8 91
0 0 91
1925 11 91
0 0 91
0 0 91
0 0 91
0 0 91
79 17 92
0 6 92
333 64 92
55 1 92
7 24 92
7 24 92
4 5 92
0 0 92
0 0 92
55 1 92
0 0 92
1 11 92
0 0 92
0 0 92
3 3 92
313 48 92
55 4 92
4 10 92
1 11 92
0 0 93
0 0 93
322 63 93
317 48 93
308 41 93
55 1 93
112 4 93
317 48 93
119 1 93
81 16 93
0 0 93
0 7 93
0 6 93
0 7 93
70 5 93
56 6 94
0 0 94
0 0 94
56 8 94
0 0 94
0 0 94
0 0 94
1930 11 94
0 0 94
0 0 94
0 0 94
56 5 94
56 7 94
8 17 95
0 0 95
0 0 95
0 0 95
70 4 95
0 0 95
0 0 95
112 4 95
0 0 95
4 5 95
70 4 95
0 0 95
5 9 96
112 5 96
308 42 96
55 0 96
0 7 96
0 7 96
8 16 96
1793 10 97
0 0 97
335 65 98
1791 10 98
0 1 98
0 1 98
0 0 98
337 63 99
10 20 99
335 65 99
0 0 100
0 0 100
0 0 100
337 64 100
0 0 101
5 9 101
0 1 101
0 0 101
338 61 102
7 18 103
0 0 104
10 24 105
