86000 15000 1
84000 17000 1
84000 17000 1
87000 14000 1
87000 15000 1
84000 17000 1
85000 16000 1
88000 15000 1
87000 14000 1
83000 18000 1
84000 17000 1
86000 15000 1
85000 16000 1
85000 15000 1
84000 17000 1
84000 17000 1
84000 17000 1
86000 15000 1
85000 16000 1
8017 6790 2
9467 4908 2
8704 6326 2
8017 6790 2
7382 6864 2
8593 6476 2
8940 6052 2
8894 6074 2
8771 6209 2
9570 4657 2
8991 6011 2
10000 3949 2
9650 4490 2
9372 5177 2
9538 4731 2
9863 4175 2
7777 6913 2
9286 5342 2
9099 5865 2
8593 6440 2
9821 4195 2
14000 4379 3
13000 4852 3
13000 5309 3
13000 4703 3
14000 4311 3
13000 4595 3
14000 4329 3
12000 5745 3
12000 5486 3
13000 4603 3
12000 5971 3
12000 5648 3
14000 4533 3
14000 4301 3
13000 4677 3
13000 4638 3
14000 4345 3
12000 5376 3
14000 4437 3
13000 4463 3
36000 1484 4
36000 1409 4
2556 1230 4
2565 1228 4
36000 1404 4
2523 1219 4
36000 2203 4
2634 1318 4
2428 1288 4
2291 1437 4
36000 1404 4
2361 1388 4
2550 1206 4
36000 1371 4
2479 1227 4
36000 1436 4
36000 1639 5
36000 1286 5
2224 1494 5
36000 1305 5
2423 1284 5
36000 1289 5
36000 1303 5
36000 1286 5
36000 1322 5
2386 1301 5
36000 1316 5
36000 1621 5
36000 1291 5
36000 1322 5
36000 1288 5
36000 1419 5
36000 1364 5
9114 2391 6
16000 2172 6
16000 2118 6
16000 2666 6
8767 2377 6
16000 1015 6
16000 1015 6
8934 2418 6
16000 2272 6
16000 2091 6
9000 2419 6
9049 2361 6
8981 2397 6
9071 2364 6
16000 2141 6
16000 2251 6
16000 1624 6
8788 2376 6
8426 2424 7
4261 1090 7
16000 516 7
16000 494 7
8479 2438 7
8426 2424 7
2713 558 7
8526 2422 7
4438 513 7
1855 1023 7
3466 358 7
16000 448 7
16000 2096 7
4110 1143 7
4419 543 7
8561 2426 7
16000 384 7
4364 863 7
4188 1126 7
8425 2447 7
4176 1134 7
16000 529 7
16000 586 7
2613 753 8
16000 644 8
16000 342 8
16000 420 8
2613 731 8
16000 384 8
4341 944 8
8344 2389 8
4252 1067 8
4332 980 8
8236 2257 8
8368 2448 8
2752 563 8
3458 358 9
4391 714 9
4120 1143 9
3427 366 9
3441 359 9
1763 794 9
1773 820 9
3422 372 9
1628 856 9
4312 1003 9
3454 361 9
2572 836 9
16000 743 9
1031 539 9
2778 472 9
1727 833 9
3428 372 9
2517 1067 9
2605 778 9
16000 592 9
3441 359 9
2773 479 9
1794 866 9
1715 823 9
3447 368 9
1722 834 9
1678 812 9
3515 198 10
1582 808 10
2762 525 10
1737 805 10
1028 345 10
2687 547 10
3489 307 10
4457 442 10
3505 240 10
3481 335 10
2769 512 10
2646 639 10
1474 848 10
3517 191 10
3415 334 10
3471 342 10
1585 810 10
1597 801 10
3415 334 10
1585 813 10
3489 307 10
1546 796 11
1546 796 11
3499 281 11
3392 316 11
2778 472 11
3528 161 11
1609 806 11
3501 272 11
3475 337 11
3509 241 11
1570 781 11
2682 564 11
3438 360 11
911 247 12
4003 10000 12
917 250 12
802 760 12
922 251 12
994 332 12
2894 9833 12
903 240 12
896 645 12
2775 479 12
936 253 12
2813 391 12
886 256 12
1001 466 12
922 251 12
1756 782 12
814 720 12
244 193 12
944 588 12
217 140 13
883 648 13
2363 9514 13
994 340 13
866 661 13
933 251 13
2569 9664 13
3129 9977 13
1017 475 13
2760 9706 13
1007 479 13
1672 8108 13
244 193 13
2363 9521 13
4314 10000 13
1249 2071 13
1059 469 14
1997 8744 14
1310 2103 14
4218 10000 14
5676 10000 14
1767 8355 14
1138 3200 14
1134 1763 14
1156 6251 14
986 3051 14
1067 3151 14
1084 5938 14
851 684 14
1267 2112 14
907 2961 14
2569 9664 14
1532 809 14
1767 8355 14
916 613 14
1198 1947 14
921 252 14
1386 3232 15
1465 2141 15
955 1510 15
1149 1785 15
961 559 15
1495 2177 15
220 142 15
853 1326 15
996 1610 15
1616 2866 15
1093 457 15
1296 3271 15
881 1405 15
930 244 15
1069 1690 15
1230 1995 15
930 245 15
222 154 15
863 1350 15
204 121 15
1030 1652 15
1030 1655 15
686 2705 16
1345 3301 16
178 1294 16
1407 2088 16
433 2367 16
1054 463 16
1543 2311 16
1353 2109 16
616 185 16
1047 463 16
941 2945 16
213 120 16
727 2789 16
1051 463 16
1005 424 17
895 446 17
862 448 17
1542 3018 17
907 445 17
929 437 17
915 448 17
928 445 17
1168 1824 17
311 1855 17
25 870 17
1754 2904 17
973 324 17
868 439 17
1188 3226 17
952 421 17
193 105 18
652 210 18
614 168 18
660 199 18
935 437 18
991 411 18
193 105 18
483 832 18
100 2419 18
196 106 18
1026 475 18
192 114 18
1011 426 18
965 409 18
616 192 18
456 804 18
958 410 18
602 143 18
604 145 18
203 613 19
890 444 19
195 107 19
145 105 19
596 140 19
986 415 19
666 202 19
147 103 19
972 398 19
487 252 19
191 116 19
131 86 19
606 146 19
475 803 19
456 804 19
890 444 19
144 105 19
537 771 19
153 108 19
490 232 19
506 205 19
153 108 19
494 224 20
137 94 20
666 199 20
173 515 20
633 217 20
144 100 20
475 261 20
242 683 20
177 539 20
147 103 20
475 817 20
491 224 20
981 415 20
900 435 20
489 242 20
140 94 20
640 52 20
456 279 20
668 212 20
153 111 20
652 205 20
509 201 20
189 117 20
473 267 20
142 97 20
141 98 21
522 193 21
638 49 21
525 771 21
456 279 21
232 679 21
153 483 21
150 104 21
153 104 21
196 106 21
639 47 21
490 49 21
547 732 21
524 192 21
7172 21 21
224 670 21
4367 827 21
64 2419 21
436 801 21
436 801 21
2439 1451 22
501 202 22
167 82 22
337 18 22
639 40 22
500 221 22
308 432 22
513 181 22
140 98 22
500 207 22
121 439 22
514 175 22
492 29 22
520 185 22
507 201 22
492 28 22
494 24 22
2511 1004 23
2466 1270 23
490 48 23
500 216 23
296 2790 23
494 24 23
185 119 23
147 470 23
494 21 23
496 17 23
147 479 23
2511 1004 23
126 456 23
7176 20 23
494 23 24
494 21 24
7170 22 24
141 470 24
519 795 24
136 465 24
136 465 24
7171 24 24
642 40 24
7172 20 24
161 489 24
324 304 24
637 47 24
336 385 24
7172 20 24
267 700 24
495 17 24
642 40 24
7170 25 25
497 27 25
93 375 25
494 21 25
641 39 25
641 39 25
7170 22 25
565 27 25
337 19 25
345 319 25
497 24 25
161 92 25
498 29 25
287 802 25
565 24 25
636 29 25
2575 555 25
543 747 25
7170 23 25
157 97 25
489 240 25
564 21 25
565 25 26
339 40 26
641 38 26
333 307 26
2591 476 26
337 3 26
161 87 26
7177 19 26
407 202 26
7177 19 26
637 39 26
337 21 26
2594 463 27
337 3 27
567 26 27
571 25 27
565 24 27
323 405 27
338 314 27
342 320 27
323 405 27
162 81 27
2536 806 27
636 27 27
336 3 27
229 230 27
580 670 27
410 174 27
164 79 27
567 25 27
244 37 28
563 19 28
569 26 28
337 24 28
637 33 28
563 18 28
246 36 28
563 20 28
164 82 28
2586 493 28
494 24 28
563 16 28
342 315 28
242 30 28
246 33 28
246 34 28
563 16 28
567 25 28
337 20 28
338 25 29
247 39 29
563 17 29
339 30 29
495 20 29
568 25 29
580 670 29
337 22 29
2527 868 29
1053 148 29
60 245 29
242 37 29
359 201 29
242 34 29
247 38 29
355 322 29
247 40 29
148 109 29
2551 714 29
1058 213 30
253 37 30
54 10 30
247 38 30
251 38 30
445 7 30
413 152 30
239 28 30
338 29 30
246 33 30
246 33 30
338 26 30
451 317 30
247 38 30
137 101 30
2543 758 30
2543 756 30
248 40 30
54 10 31
414 133 31
1056 160 31
250 40 31
130 82 31
149 109 31
135 88 31
54 16 31
590 630 31
136 95 31
55 22 31
54 10 31
135 94 31
57 28 31
336 6 31
54 10 31
445 8 31
445 6 31
54 10 32
70 61 32
57 33 32
11 0 32
251 39 32
54 12 32
19 2 32
339 39 32
415 132 32
445 5 32
431 57 32
415 132 32
471 302 32
252 35 32
283 443 32
466 301 32
463 306 32
466 301 32
1024 25 32
252 35 33
490 59 33
251 36 33
445 10 33
10 1 33
424 91 33
54 6 33
445 8 33
251 35 33
431 54 33
54 17 33
72 64 33
65 54 33
445 7 33
445 5 33
473 288 33
10 1 33
174 13 34
19 2 34
271 32 34
445 8 34
156 98 34
132 85 34
174 14 34
430 61 34
271 31 34
445 7 34
445 6 34
19 2 34
1027 73 34
173 8 34
203 231 34
174 15 34
318 301 34
445 5 34
174 14 35
10 0 35
19 1 35
430 57 35
10 1 35
74 68 35
19 2 35
429 65 35
74 65 35
128 24 35
595 630 35
19 2 35
427 69 35
174 10 35
430 63 35
19 2 35
708 148 35
128 24 36
174 9 36
283 443 36
174 9 36
10 0 36
174 10 36
128 20 36
704 150 36
10 0 36
19 2 36
702 158 36
349 316 36
10 0 36
128 20 36
173 14 36
174 9 36
173 8 36
431 53 36
174 8 36
159 95 36
2624 367 36
19 1 36
17 4 36
724 79 37
431 54 37
710 133 37
710 132 37
174 13 37
420 101 37
129 24 37
710 132 37
721 92 37
128 24 37
268 23 37
421 101 37
19 1 37
2649 297 37
577 3 37
174 14 37
129 22 37
173 7 37
60 48 37
418 111 38
278 439 38
20 1 38
20 1 38
577 3 38
418 113 38
10 1 38
20 2 38
37 6 38
174 10 38
160 89 38
19 2 38
702 158 38
60 49 38
159 95 38
20 1 38
10 0 39
63 55 39
205 228 39
718 101 39
37 4 39
418 111 39
69 54 39
2652 282 39
127 25 39
19 2 39
713 127 39
276 36 39
144 17 39
127 25 39
718 101 39
20 2 39
165 66 39
174 14 39
129 22 39
127 27 40
577 5 40
20 1 40
37 4 40
174 14 40
127 27 40
66 57 40
10 0 40
576 11 40
722 87 40
492 61 40
490 59 40
174 12 40
579 6 40
164 80 40
20 1 40
10 0 41
275 37 41
577 6 41
576 11 41
174 13 41
10 0 41
159 98 41
577 3 41
165 62 41
496 67 41
165 73 41
217 8 41
128 24 41
576 11 41
10 0 41
1034 89 41
577 5 41
417 118 41
174 14 41
10 0 42
215 5 42
162 80 42
493 62 42
217 8 42
37 2 42
174 14 42
215 1 42
20 1 42
164 77 42
10 0 42
4 3 42
154 39 42
496 60 42
10 0 42
217 8 42
431 53 42
579 7 42
154 37 42
154 41 42
215 1 42
144 6 43
10 0 43
37 1 43
340 31 43
215 4 43
20 0 43
61 25 43
13 9 43
215 0 43
272 34 44
215 0 44
215 0 44
579 9 44
37 1 44
342 21 44
154 36 44
21 0 44
21 1 44
496 63 44
277 33 44
128 25 44
21 1 44
20 1 44
665 2 44
496 69 44
342 21 44
496 67 44
37 1 44
665 2 44
215 0 44
20 1 44
21 1 45
34 10 45
34 5 45
5 0 45
272 36 45
579 9 45
61 28 45
342 17 45
276 37 45
275 37 45
34 4 45
664 1 45
274 35 45
579 9 45
21 0 45
215 0 45
37 3 46
579 9 46
0 1 46
215 5 46
156 33 46
37 1 46
8 1 46
62 25 46
59 26 46
34 10 46
37 3 46
8 1 46
21 1 46
34 8 46
215 5 46
62 26 46
14 9 46
37 2 46
61 26 46
727 69 47
344 14 47
156 29 47
4 2 47
344 13 47
5 0 47
37 2 47
13 9 47
491 61 47
5 0 47
215 1 47
35 2 47
20 0 47
8 1 47
343 14 47
345 14 47
34 8 48
35 2 48
35 2 48
34 8 48
343 14 48
5 1 48
1210 9 48
0 8 48
1 0 48
661 2 48
1014 173 48
5 0 48
1 0 48
272 35 48
4 2 48
501 73 48
272 36 48
488 53 48
127 22 48
5 0 48
340 32 48
727 71 48
37 2 49
35 2 49
13 9 49
1137 6 49
35 2 49
1 6 49
4 2 49
215 1 49
1 123 49
1045 98 49
731 55 49
8 0 49
579 12 49
485 46 49
20 3 49
1164 5 49
37 2 49
69 42 49
37 1 49
6 14 49
490 59 49
271 29 49
8 2 50
506 68 50
4 2 50
13 8 50
340 32 50
731 52 50
733 52 50
1144 5 50
13 9 50
338 38 50
272 35 50
161 24 50
500 72 50
338 37 50
340 32 50
990 7 50
35 2 50
5 1 50
1 6 50
2 3 50
20 1 50
6 2 51
734 47 51
1 7 51
501 74 51
0 2 51
731 52 51
1 7 51
1 0 51
37 2 51
1111 5 51
37 1 51
45 5 51
66 36 51
34 8 51
0 1 51
28 4 51
6 2 51
2 8 51
340 32 51
340 31 52
70 5 52
1036 108 52
37 2 52
9 4 52
1 0 52
3 0 52
4 10 52
35 2 52
0 2 52
1 0 52
1672 11 52
13 8 52
3 0 52
20 3 52
1 1 52
9 3 53
3 0 53
1049 90 53
134 8 53
1 1 53
48 2 53
1 6 53
979 6 53
160 24 53
1 6 53
925 5 53
45 6 53
14 9 53
9 2 53
4 9 53
487 48 53
45 6 53
0 5 54
59 27 54
20 1 54
70 43 54
998 7 54
179 9 54
6 2 54
18 6 54
124 6 54
1042 108 54
13 8 54
0 1 54
5 1 54
349 14 54
3 0 54
122 5 54
69 42 54
9 2 54
162 19 55
1012 6 55
349 21 55
962 6 55
1043 103 55
0 8 55
28 10 55
14 12 55
14 10 55
14 6 55
1 5 55
4 1 55
6 2 55
1672 13 55
0 5 55
0 9 55
1 0 55
179 7 55
34 6 55
1039 108 56
20 3 56
161 24 56
962 6 56
179 7 56
33 22 56
2 1 56
37 2 56
13 12 56
70 5 56
179 8 56
6 2 56
6 1 56
0 1 56
2 2 56
9 4 56
1672 13 56
14 11 56
1 0 56
1672 12 56
2 1 56
179 9 57
14 10 57
14 10 57
506 75 57
1672 13 57
0 1 57
1 0 57
6 1 57
9 4 57
20 1 57
0 1 57
58 28 57
6 0 57
509 63 57
1672 9 58
2 2 58
0 1 58
35 2 58
2 2 58
1020 141 58
1014 173 58
954 6 58
1 1 58
1 1 58
5 1 58
14 10 58
156 29 58
1672 13 58
1 0 58
0 1 58
215 1 58
6 1 58
2 2 58
61 24 58
1023 141 58
48 2 59
1 1 59
2 2 59
1 1 59
938 6 59
20 1 59
13 7 59
0 1 59
13 9 59
16 9 59
4 1 59
28 4 59
8 2 59
8 2 59
2 2 59
21 0 60
1672 13 60
1 2 60
179 6 60
21 1 60
9 4 60
20 2 60
2 0 60
9 4 60
28 4 60
509 61 60
1672 13 60
1 0 60
5 2 60
9 3 60
28 2 60
9 4 60
48 3 60
1672 13 60
0 1 60
1 2 61
1 1 61
21 0 61
13 11 61
4 3 61
2 2 61
66 34 61
20 3 61
2 0 61
21 0 61
1 1 61
1 1 61
4 2 61
4 2 61
8 0 61
1 0 62
35 3 62
0 1 62
8 0 62
156 28 62
1111 5 62
41 0 62
44 4 62
2 2 62
28 2 62
48 4 62
1 0 62
271 27 62
21 1 62
2 0 62
8 0 62
4 1 63
0 0 63
48 4 63
34 3 63
1 2 63
4 5 63
2 0 63
2 0 63
0 0 63
4 2 63
272 31 63
1 2 63
16 8 63
120 5 63
21 0 63
2 0 63
47 6 63
0 1 63
8 0 63
1 0 63
21 0 64
2 2 64
346 17 64
14 11 64
16 8 64
35 3 64
575 5 64
2 0 64
4 5 64
179 6 64
34 3 64
1 0 64
14 10 64
1 0 64
2 4 64
5 0 65
65 31 65
1 0 65
0 1 65
349 15 65
33 22 65
8 0 65
21 0 65
34 3 65
5 0 65
0 8 65
48 2 65
1 0 65
2 2 65
1051 84 65
13 9 65
4 5 66
349 15 66
0 0 66
1 2 66
8 0 66
5 0 66
1 0 66
1 0 66
1 0 66
5 0 66
2 1 66
2 5 66
1 1 66
2 2 66
5 0 66
179 5 66
1029 5 66
1051 86 66
945 6 67
14 12 67
1051 84 67
44 4 67
0 1 67
41 0 67
1091 4 67
347 14 67
1 2 67
3 0 67
144 0 67
1091 4 67
9 21 67
34 4 67
13 9 67
872 47 67
12 12 67
162 20 68
2 0 68
1 2 68
1 0 68
1 0 68
13 11 68
179 6 68
13 12 68
271 26 68
1 2 68
1 1 68
13 6 68
1046 88 68
1 0 68
2 0 68
1 0 68
1672 12 68
0 3 68
1 0 68
8 0 68
44 4 68
1 2 68
2 0 68
1672 12 69
1024 10 69
5 1 69
13 12 69
1672 13 69
1 2 69
13 12 69
1 0 69
13 12 69
5 1 69
44 4 69
5 1 69
5 1 69
2 0 69
1672 12 69
1064 52 69
575 5 69
1672 12 69
1 0 69
2 0 70
45 6 70
10 2 70
13 7 70
179 7 70
271 26 70
1 0 70
158 25 70
45 4 70
45 5 70
6 0 70
9 2 70
6 14 70
1 0 70
13 5 70
2 6 70
45 4 70
1051 84 70
10 2 71
1 1 71
2 1 71
1 0 71
1 0 71
16 4 71
1 1 71
2 0 71
10 2 71
0 0 71
1 1 71
41 0 71
100 2 71
2 5 71
1 1 71
10 2 71
10 2 71
1 5 71
6 2 71
2 2 71
9 4 71
6 2 71
1 0 72
1 1 72
13 13 72
1 0 72
44 4 72
1069 131 72
14 11 72
1074 5 72
1074 5 72
1 0 72
1 5 72
0 1 72
0 1 72
30 15 72
45 5 72
1 0 72
0 0 72
8 0 72
14 6 73
3 0 73
1 0 73
14 11 73
1065 43 73
10 2 73
27 5 73
1055 4 73
874 46 73
1 1 73
28 13 73
33 22 73
0 0 73
1 0 74
159 25 74
5 4 74
159 23 74
5 4 74
5 3 74
5 3 74
44 4 74
434 5 74
5 1 74
13 11 74
2 3 74
6 1 74
1074 5 74
9 2 74
1 1 74
1 0 74
434 5 74
158 25 74
1672 11 74
5 4 74
1672 10 74
45 5 75
1672 13 75
45 6 75
1046 4 75
575 2 75
14 7 75
6 1 75
2 1 75
0 1 75
575 5 75
1 1 75
1071 5 75
2 3 75
14 11 75
0 0 75
0 1 75
6 1 75
2 2 75
48 1 75
1 3 75
0 0 75
576 8 75
1 5 75
6 1 75
1029 114 75
0 1 76
28 4 76
0 1 76
1 0 76
1 13 76
0 1 76
0 0 76
179 7 76
1 0 76
1672 10 76
575 8 76
2 0 76
5 4 76
41 0 76
45 6 77
0 1 77
0 0 77
2 3 77
43 3 77
16 11 77
2 3 77
41 0 77
8 2 77
17 0 77
0 1 77
0 0 77
0 1 77
0 1 77
1064 52 77
9 2 77
0 0 77
3 12 78
28 5 78
14 11 78
2 2 78
17 0 78
28 5 78
1672 11 78
31 15 78
1 1 78
0 1 78
0 1 78
118 4 78
8 2 78
179 7 78
0 1 78
1 0 79
0 0 79
1025 120 79
14 12 79
47 4 79
47 6 79
1 1 79
6 15 79
2 2 79
1 5 79
53 2 79
0 1 79
2 2 79
0 0 79
1 3 79
1 3 79
1 0 80
47 5 80
8 16 80
0 0 80
0 0 80
1 0 80
0 0 80
9 2 80
1 2 80
1 2 80
1 3 80
0 1 80
0 1 80
0 0 80
2 0 80
1031 113 80
1065 33 80
0 1 80
24 6 80
0 0 80
31 9 80
179 6 80
120 5 80
1 1 80
44 4 80
179 8 80
0 2 80
9 2 80
357 327 81
461 224 81
221 305 81
384 300 81
277 259 81
447 236 81
427 238 81
393 276 81
369 319 81
379 298 81
435 234 81
393 276 81
400 294 81
390 275 81
408 240 81
318 363 81
297 244 82
251 293 82
345 336 82
307 234 82
411 245 82
292 244 82
245 303 82
313 237 82
245 298 82
284 250 82
252 295 82
288 253 82
213 310 82
301 243 82
299 232 82
277 257 82
299 238 82
390 287 82
327 349 82
17 6 83
17 13 83
496 127 83
17 6 83
454 154 83
19 24 83
491 121 83
454 150 83
454 154 83
17 8 83
478 120 83
471 111 83
481 126 83
17 6 83
17 11 83
470 116 83
481 127 83
477 117 83
492 123 83
450 155 83
467 120 84
496 129 84
17 4 84
17 5 84
500 129 84
511 109 84
502 119 84
17 6 84
509 116 84
507 119 84
17 4 84
17 5 84
17 4 84
502 123 84
17 4 84
467 120 84
1 1 84
17 5 84
509 111 84
442 155 84
511 107 84
17 4 84
17 5 84
17 6 84
17 5 84
1 0 85
1 1 85
1 1 85
1 0 85
62 27 85
1 0 85
14 23 85
17 25 85
17 23 85
1 1 85
1 1 85
1 2 85
1 0 85
15 21 85
1 1 85
70 5 86
15 23 86
70 2 86
14 23 86
53 3 86
54 3 86
7 3 86
8 6 86
52 3 86
7 5 86
12 26 86
1 0 86
12 25 86
14 26 86
55 4 86
55 3 86
18 25 86
14 23 86
1 1 86
55 5 86
10 15 87
7 3 87
1 1 87
12 26 87
21 21 87
18 26 87
10 16 87
18 28 87
7 3 87
1 1 87
1 1 87
7 4 87
9 9 87
12 26 87
1 1 87
7 3 87
70 2 87
18 27 88
10 14 88
7 6 88
40 2 88
179 8 88
10 15 88
0 1 88
1024 10 88
8 2 88
11 23 88
10 24 88
25 5 89
1 7 89
13 16 89
0 1 89
3 0 89
40 2 89
13 16 89
0 3 89
1 0 89
3 0 89
0 0 89
1 5 89
15 1 89
1 5 89
7 7 89
107 1 89
1 4 89
2 0 89
1 1 89
0 1 89
9 2 89
1 2 89
0 0 90
0 1 90
106 1 90
0 0 90
41 0 90
1 2 90
8 0 90
28 7 90
31 8 90
48 2 90
0 1 90
53 1 90
17 0 90
1 3 90
576 7 90
1 2 90
31 9 90
24 6 90
0 1 90
106 1 91
0 0 91
1 0 91
366 10 91
366 11 91
1023 10 91
102 2 91
0 0 91
1054 82 91
1 0 91
3 0 91
1 2 91
0 0 91
13 11 91
17 0 91
1 2 91
0 0 91
0 0 91
0 0 91
2 0 91
41 3 92
48 2 92
40 3 92
1032 90 92
48 2 92
575 3 92
13 26 92
1 0 92
41 0 92
1054 85 92
1022 12 92
44 0 92
2 6 92
1 6 92
1067 27 92
43 1 92
44 4 92
43 3 92
0 0 92
13 25 92
43 3 93
1022 9 93
3 9 93
0 0 93
40 3 93
17 0 93
2 0 93
0 0 93
41 0 93
0 0 93
9 2 93
25 6 93
0 0 93
1 0 93
575 3 93
1 0 93
2 8 93
40 2 93
1 4 94
0 0 94
0 0 94
0 0 94
1062 55 94
1062 55 94
40 3 94
17 0 94
0 0 94
25 6 94
40 3 94
28 9 94
13 800 94
3 13 94
28 9 94
0 0 94
1 0 94
1022 8 94
33 21 95
0 2 95
1 6 95
17 0 95
114 3 95
1 0 95
2 0 95
11 27 95
0 1 95
48 5 95
0 0 95
575 4 95
40 3 95
1 0 95
575 4 95
40 3 95
1063 51 95
1061 55 95
1 4 95
23 6 96
0 0 96
1 0 96
34 21 96
24 1 96
23 7 96
36 23 96
24 6 96
17 0 96
5 15 96
17 0 96
43 2 96
2 0 96
0 0 96
9 1 96
575 3 96
0 0 96
40 3 96
34 21 96
1022 7 97
17 0 97
114 3 97
0 0 97
2 0 97
23 7 97
1 3 97
0 0 97
1 0 97
1059 54 97
2 9 97
1056 48 97
0 0 97
41 0 97
17 0 97
55 4 97
0 0 97
17 0 97
1057 52 97
576 6 98
32 1 98
40 1 98
44 2 98
1 3 98
23 5 98
0 0 98
36 24 98
0 0 98
1 0 98
1022 7 98
0 0 98
0 0 98
24 1 98
44 2 98
114 3 98
24 6 98
0 0 98
1 3 99
40 3 99
0 0 99
576 6 99
0 3 99
40 1 99
41 0 99
24 1 99
0 0 99
8 0 99
41 0 99
18 0 99
0 0 99
24 1 99
0 0 100
576 6 100
17 0 100
1067 20 100
576 6 100
17 1 100
576 6 100
4 2 100
0 0 100
0 0 100
32 1 100
1051 79 100
1 3 100
0 0 100
110 1 100
40 1 101
576 6 101
0 0 101
0 0 101
0 0 101
40 1 101
32 0 101
32 1 101
576 6 101
113 4 101
576 6 101
0 0 101
4 4 101
36 23 101
40 1 101
0 0 101
0 3 101
23 5 101
0 3 101
17 0 101
0 0 101
1068 18 102
0 0 102
36 23 102
576 6 102
17 0 102
576 6 102
178 1 102
0 0 102
1 0 102
0 0 102
0 0 102
0 3 102
36 23 102
0 0 102
40 3 102
0 0 102
52 2 103
40 3 103
17 0 103
1068 14 103
17 1 103
0 0 103
0 0 103
40 3 103
25 6 103
0 0 103
0 0 103
1069 131 103
23 1 103
0 1 103
0 3 103
18 0 104
0 0 104
1029 86 104
18 1 104
15 28 104
0 0 104
15 28 104
51 1 104
17 1 104
18 1 104
17 1 104
113 3 104
40 3 104
32 1 104
0 0 104
40 3 104
0 0 104
0 0 104
0 0 104
32 0 104
25 3 104
0 0 104
18 1 105
0 1 105
51 1 105
18 0 105
0 0 105
0 0 105
2354 55 105
0 0 105
0 0 105
0 0 105
1 4 105
18 1 105
13 28 105
32 0 105
40 3 105
23 1 106
51 2 106
959 3 106
51 1 106
965 3 106
18 1 106
18 0 106
2358 52 106
4 10 106
0 1 106
51 1 106
0 0 106
18 1 106
18 0 106
0 0 106
78 0 106
51 2 106
2355 56 106
0 0 106
0 0 107
2355 57 107
8 2 107
8 0 107
51 2 107
51 2 107
8 2 107
287 5 107
4 0 107
51 2 107
18 1 107
0 0 107
0 1 107
32 0 107
2355 57 107
2358 53 107
970 3 107
2356 57 107
12 28 108
8 0 108
18 1 108
4618 0 108
60 0 108
51 1 108
8 0 108
2361 63 108
18 0 108
8 0 108
18 1 108
8 0 108
3 2 108
60 0 109
0 1 109
8 0 109
2366 82 109
23 0 109
8 0 109
0 0 109
8 0 109
51 1 109
0 0 109
3 2 109
2356 58 109
60 0 109
8 0 109
23 0 109
971 3 109
3 1 109
8 0 109
979 1 110
51 2 110
943 4 110
0 0 110
23 0 110
17000 1086 110
17000 1086 110
2361 63 110
23 0 110
51 2 110
8 0 110
23 1 110
3 2 110
0 0 110
49 18 110
0 0 110
3 1 110
17000 2497 110
971 3 110
0 0 111
23 0 111
8 0 111
32000 3156 111
23 0 111
0 0 111
5 16 111
60 1 111
18000 1079 111
25 36 111
407 17 111
8 0 111
3 1 111
23 0 111
23 0 111
0 14 111
32000 3445 111
3 3 111
0 5 111
25 29 112
407 12 112
17000 2587 112
0 8 112
23 0 112
0 0 112
355 898 112
24 0 112
32000 3038 112
0 0 112
0 0 112
32000 2986 112
408 14 112
3 1 112
17000 2761 112
3 1 112
0 0 112
407 13 112
23 0 112
0 0 112
0 0 112
24 36 112
894 3 112
3 15 112
21 34 112
0 0 112
3183 760 113
32000 3452 113
0 0 113
25 28 113
4689 215 113
20 36 113
0 14 113
4689 215 113
0 0 113
6 32 113
24 1 113
20 36 113
23 0 113
19 34 113
344 885 113
24 0 113
0 0 113
899 3 114
0 0 114
408 16 114
0 8 114
9 2 114
1723 167 114
26 19 114
26 21 114
31000 4027 114
26 19 114
23 0 114
23 36 114
60 1 114
408 16 114
4685 216 114
24 0 114
915 3 114
1119 249 115
408 11 115
26 17 115
886 410 115
4670 214 115
0 0 115
17000 2801 115
407 12 115
408 15 115
904 3 115
9 3 115
17000 1106 115
0 0 115
24 0 115
0 0 115
17000 2321 116
24 0 116
1700 64 116
12 1 116
26 21 116
12 1 116
860 418 116
60 0 116
26 19 116
0 0 116
408 14 116
4684 216 116
24 0 116
914 3 116
17000 1226 116
882 2 116
24 0 116
9 5 116
408 10 116
978 1 116
0 0 117
1107 224 117
0 0 117
1700 64 117
24 0 117
884 3 117
0 0 117
1703 58 117
904 3 117
9 4 117
60 0 117
0 0 117
60 0 117
0 0 117
0 0 117
803 102 118
9 3 118
1115 232 118
809 94 118
9 5 118
1115 232 118
0 0 118
0 0 118
4666 213 118
881 1 118
12 2 118
0 0 118
12 0 118
12 1 118
644 230 118
60 0 118
1108 232 118
12 2 119
1698 74 119
650 1108 119
0 0 119
9 5 119
0 0 119
17000 2363 119
24 0 119
60 0 119
0 0 119
645 229 119
9 3 119
9 3 120
0 0 120
60 0 120
32000 5332 120
670 1088 120
9 5 120
12 2 120
60 0 120
799 125 120
9 5 120
0 0 120
16000 1968 120
0 0 120
636 26 120
629 211 120
12 1 121
825 598 121
17000 2275 121
0 0 121
18000 1023 121
0 0 121
799 129 121
33000 7479 121
12 0 121
0 0 121
2489 92 121
603 1128 121
17000 2161 121
12 3 121
12 0 121
2888 1516 121
1127 256 121
17000 2653 121
2795 1441 122
3412 1070 122
18000 1038 122
3412 1070 122
52 16 122
0 0 122
60 1 122
18000 1064 122
630 219 122
0 0 122
17000 2060 122
12 2 122
33000 7305 122
49 14 122
32000 3951 122
18000 1034 122
640 41 122
2656 96 123
16000 1909 123
0 0 123
382 902 123
1774 717 123
16000 1898 123
18000 943 123
16000 2319 123
0 0 123
0 0 123
18000 938 123
3309 1512 123
32000 3917 123
0 0 123
32000 5025 123
17000 2086 123
51 15 123
18000 962 123
858 599 123
3412 1044 123
1767 725 123
16000 1955 123
4100 127 124
18000 1019 124
1774 717 124
33000 7912 124
0 0 124
4699 202 124
52 16 124
1712 184 124
34000 9204 124
0 0 124
18000 1003 124
18000 983 124
18000 1003 124
33000 7616 124
18000 954 125
624 211 125
4703 191 125
4063 681 125
16000 111 125
32000 3929 125
3237 2109 125
18000 943 125
916 413 125
16000 2129 125
964 460 125
4750 220 125
2769 101 125
18000 989 125
3339 3633 125
18000 1001 125
49 14 125
16000 2072 125
981 458 125
18000 966 125
4056 127 125
3029 1642 125
53 18 125
52 18 126
4050 703 126
47 13 126
16000 104 126
31000 4027 126
3262 2147 126
950 594 126
33000 8438 126
551 1149 126
814 84 126
53 20 126
4727 202 126
32000 4539 126
32000 4539 126
871 17 126
4730 205 126
1742 120 126
883 415 126
16000 111 126
4670 214 127
54 21 127
944 435 127
18000 953 127
1154 261 127
4768 236 127
4737 204 127
3270 662 127
3459 930 127
949 447 127
4721 200 127
18000 967 127
4049 718 127
4203 29 127
3329 3530 127
1131 260 127
802 121 127
3791 3128 127
913 598 127
511 1109 128
675 277 128
55 21 128
969 463 128
3651 2924 128
961 593 128
1698 69 128
860 418 128
3566 3018 128
53 16 128
4721 200 128
669 269 128
4142 117 128
4748 210 128
4742 208 128
3364 3685 129
284 826 129
820 75 129
1000 448 129
4202 30 129
820 73 129
18000 985 129
392 926 129
4796 294 129
3165 1881 129
4170 117 129
1722 77 129
1716 66 129
3278 670 129
531 1114 129
987 450 130
3498 3748 130
3322 1441 130
1160 271 130
669 269 130
825 592 130
1004 443 130
424 933 130
3501 751 130
546 26 130
546 26 130
665 270 130
3304 3113 130
1732 140 130
1749 121 131
1722 73 131
0 0 131
834 929 131
3054 1672 131
0 0 131
72 198 131
1717 178 131
548 23 131
4715 194 131
1708 63 131
1729 143 131
1714 57 131
982 453 131
1762 125 131
824 559 131
877 419 131
822 72 131
1032 513 131
4036 729 131
3501 751 131
1174 272 131
3054 1672 131
1718 69 132
2765 106 132
1184 276 132
1018 489 132
3125 1783 132
3693 3015 132
4347 105 132
3920 122 132
1728 89 132
823 63 132
476 922 132
795 1005 132
15 2 132
61 200 132
2327 88 132
460 911 132
1728 95 132
546 26 132
2327 88 132
0 0 133
2178 97 133
1759 125 133
1100 223 133
1727 80 133
1710 64 133
1010 467 133
516 1109 133
2725 308 133
493 939 133
1137 252 133
795 1005 133
61 200 133
2107 74 133
820 945 133
2137 85 133
2158 94 133
417 941 133
537 388 134
1033 610 134
537 388 134
2099 71 134
585 350 134
820 72 134
3564 491 134
578 1125 134
1736 134 134
16000 99 134
70 166 134
1713 60 134
3582 450 134
3498 779 134
3534 590 134
3471 890 134
2114 75 134
306 834 134
0 0 135
600 1112 135
1137 252 135
15 2 135
1766 135 135
852 905 135
16000 61 135
2314 91 135
872 12 135
3570 470 135
1759 127 135
2764 103 135
49 188 135
2059 80 135
1148 251 135
823 68 135
544 23 135
16000 67 135
736 1049 135
1751 118 135
73 14 135
535 388 135
4231 119 135
3557 505 136
16000 66 136
1736 134 136
554 1122 136
21 49 136
1946 486 136
2296 95 136
2082 76 136
1858 604 136
1759 125 136
2245 100 136
3483 828 136
16000 81 136
4194 569 136
0 0 136
1816 663 136
874 882 136
16000 84 136
16000 84 136
874 882 136
875 10 136
620 1116 136
1438 108 136
170 22 137
3633 119 137
4247 642 137
872 13 137
170 22 137
4291 771 137
960 693 137
1925 506 137
1730 773 137
3576 456 137
16000 61 137
509 419 137
877 11 137
3578 456 137
3777 120 137
16000 67 137
1738 121 137
3533 121 137
3483 828 137
4 1 137
877 12 137
871 18 138
3597 119 138
16000 89 138
1858 94 138
4206 581 138
432 910 138
1845 618 138
3438 106 138
73 13 138
4162 552 138
4183 557 138
1429 102 138
3354 97 138
1867 572 139
4025 807 139
16000 75 139
947 718 139
16000 138 139
678 269 139
1878 549 139
3522 121 139
15 3 139
4112 580 139
549 22 139
4129 587 139
10 17 139
15 2 139
3892 125 139
16000 62 139
4090 631 140
3551 521 140
3601 445 140
710 299 140
4226 586 140
4171 552 140
3354 96 140
4214 586 140
6 0 140
43 75 140
4152 556 140
4145 566 140
0 0 140
4090 634 140
24 42 141
5 1 141
555 433 141
85 177 141
582 255 141
3376 100 141
32 73 141
1936 478 141
4202 22 141
4125 20 141
5 1 141
1851 607 141
4 1 141
1889 551 141
3331 94 141
4201 17 141
577 243 141
10 19 141
170 26 142
46 95 142
4202 28 142
37 87 142
10 14 142
697 290 142
3286 107 142
717 304 142
2731 311 142
1467 127 142
548 23 142
3390 100 142
575 243 142
78 19 142
1793 94 142
6 9 142
1867 585 142
1851 607 142
3497 120 142
610 363 143
3802 120 143
4110 19 143
5 12 143
24 39 143
77 15 143
70 5 143
737 299 143
170 26 143
5 1 143
4100 604 143
0 0 143
708 292 143
722 309 143
656 267 144
39 74 144
4187 22 144
441 8 144
1433 109 144
441 8 144
70 5 144
4088 30 144
8 5 144
0 0 144
4202 29 144
49 191 144
70 5 144
10 24 144
70 5 144
73 14 144
70 5 144
701 302 144
1 0 144
70 5 144
70 5 144
15 0 144
745 287 144
70 7 145
24 39 145
741 284 145
518 408 145
560 282 145
75 15 145
20 4 145
1 0 145
21 49 145
551 17 145
8 6 145
4 0 145
5 0 145
15 1 145
78 20 145
550 19 145
70 7 145
15 1 145
78 17 145
10 19 146
652 272 146
6165 22 146
551 16 146
70 5 146
70 5 146
8 5 146
15 1 146
458 9 146
1426 103 146
746 287 146
4 1 146
700 433 146
15 1 146
20 4 146
0 0 146
549 20 146
6 0 146
15 1 146
551 17 146
439 8 146
172 23 146
4 13 146
8 8 147
541 25 147
0 0 147
6 7 147
618 63 147
15 0 147
73 12 147
4 3 147
1 1 147
551 17 147
70 5 147
74 16 147
691 285 147
4 13 147
0 0 147
551 12 147
40 75 147
734 309 147
0 0 147
70 5 148
756 279 148
5 0 148
615 62 148
0 0 148
6165 22 148
0 0 148
70 5 148
15 1 148
24 66 148
171 22 148
552 10 148
70 5 148
8 5 148
0 0 148
0 0 148
75 14 148
81 8 148
81 8 148
15 1 148
15 0 148
18 0 148
4 3 148
74 14 148
15 1 149
15 3 149
15 0 149
0 0 149
15 0 149
0 0 149
619 61 149
1424 84 149
552 10 149
20 4 149
693 290 149
1 0 149
5 0 149
74 15 149
549 20 149
0 0 149
15 1 149
4 2 149
5 1 149
6 9 149
49 60 149
618 59 149
7 9 149
70 5 150
552 10 150
22 47 150
15 0 150
5 10 150
9 5 150
88 143 150
86 163 150
552 10 150
4 2 150
18 0 150
5 0 150
15 0 150
5 0 150
81 8 150
1 0 150
48 68 151
48 68 151
1434 110 151
1451 122 151
423 14 151
5 0 151
98 81 151
0 0 151
0 0 151
6168 13 151
629 55 151
0 0 151
5 0 151
0 0 151
15 1 151
24 0 151
95 97 151
552 8 151
1 0 151
6167 11 151
15 1 151
95 97 151
10 6 151
172 24 152
5 0 152
98 91 152
769 254 152
4 1 152
18 1 152
6168 14 152
29 33 152
5 0 152
37 69 152
401 18 152
6167 12 152
6165 21 152
419 15 152
93 116 152
1419 76 152
173 20 153
422 14 153
6 10 153
5 0 153
5 0 153
214 1203 153
178 16 153
4 2 153
178 14 153
1407 85 153
166 25 153
176 16 153
172 23 153
69 48 153
18 2 153
4 10 153
4 2 153
13 5 153
15 1 154
5 10 154
401 17 154
167 23 154
11 5 154
18 2 154
13 2 154
5 11 154
10 21 154
1420 80 154
6167 12 154
32 36 154
172 23 154
28 32 154
49 52 154
13 0 154
6 9 154
13 2 154
98 94 154
1420 80 155
29 31 155
394 16 155
11 5 155
395 16 155
172 24 155
5 0 155
4 1 155
29 27 155
391 21 155
5 0 155
5 0 155
18 2 155
426 11 155
598 39 155
6167 11 155
13 2 155
6 0 155
10 6 156
13 4 156
176 16 156
179 13 156
6167 14 156
457 8 156
13 4 156
5 0 156
24 2 156
24 1 156
10 6 156
13 2 156
28 29 157
1415 90 157
12 25 157
6171 18 157
1416 75 157
30 20 157
1411 94 157
99 59 157
4 10 157
423 13 157
6167 15 157
18 2 157
426 11 157
27 8 157
176 16 157
10 20 157
6167 15 158
595 35 158
6165 21 158
6 10 158
28 30 158
600 44 158
152 12 158
1416 75 158
596 34 158
11 1 158
6 10 158
13 0 158
2 0 158
16 0 158
427 11 158
6167 14 158
4 10 158
605 66 158
2 6 158
1411 91 159
2 0 159
18 2 159
622 58 159
49 54 159
178 13 159
13 4 159
24 0 159
1419 74 159
99 4 159
1418 68 159
16 0 159
6167 14 159
13 5 159
13 2 159
11 1 159
28 34 160
592 33 160
11 1 160
1413 96 160
1 0 160
99 59 160
18 2 160
18 2 160
11 2 160
11 6 160
586 28 160
18 2 160
78 5 160
13 2 160
51 41 160
70 52 160
2 0 160
5 11 160
27 9 160
3203 573 161
3203 601 161
3 1 161
3210 199 161
3242 158 161
3143 1016 161
3205 278 161
3216 195 161
3 1 161
3 2 161
3 1 161
3123 1067 161
3212 195 161
3 1 161
3210 195 161
81 8 162
81 6 162
81 7 162
629 53 162
1663 91 162
3233 163 162
3187 751 162
648 276 162
10 5 162
29 31 162
3228 172 162
1548 79 162
10 5 162
81 7 162
3223 191 162
81 6 162
5 1 162
3225 185 162
99 57 163
81 5 163
18 2 163
0 0 163
426 11 163
1489 80 163
82 2 163
49 51 163
49 49 163
426 11 163
70 51 163
1407 82 163
1524 88 163
42 3 163
70 51 163
1704 93 163
1524 88 163
78 5 163
0 0 164
81 7 164
1518 87 164
1799 88 164
81 7 164
30 22 164
6166 17 164
68 45 164
503 32 164
2 0 164
608 67 164
0 0 164
18 1 164
2 0 165
81 6 165
1805 88 165
6166 17 165
0 0 165
24 0 165
13 2 165
0 0 165
4 10 165
24 0 165
51 45 165
1 4 165
81 7 165
24 0 165
2 0 165
80 9 165
51 38 165
12 2 166
0 0 166
0 0 166
0 0 166
2 0 166
24 0 166
8 10 166
11 1 166
24 0 166
0 0 166
24 0 166
0 0 166
1 3 166
24 1 166
1502 83 166
499 30 166
8 10 166
13 2 167
24 2 167
5 7 167
13 2 167
37 15 167
8 10 167
81 7 167
81 7 167
13 2 167
1407 73 167
36 19 167
0 0 167
2 7 167
4 7 167
70 52 168
82 2 168
134 0 168
37 14 168
4 5 168
134 0 168
80 7 168
24 0 168
13 2 168
134 0 168
36 19 168
7 10 168
19 0 169
5 7 169
36 20 169
42 1 169
28 9 169
33 29 169
13 2 169
0 0 169
102 13 169
99 4 169
70 49 169
4 5 169
104 10 169
81 7 169
18 4 169
36 19 169
19 0 169
8 11 170
99 6 170
36 23 170
102 13 170
42 1 170
4 7 170
18 4 170
1 3 170
0 2 170
24 0 170
62 4 170
0 0 170
70 48 170
7 9 170
14 28 171
99 0 171
13 2 171
4 6 171
104 9 171
1401 60 171
70 48 171
62 4 171
6 0 171
38 14 171
497 32 171
42 1 171
13 2 171
24 0 171
78 4 171
104 10 171
30 29 172
99 3 172
93 1 172
38 14 172
24 0 172
55 27 172
5 9 172
24 0 172
99 1 172
3 7 172
14 28 172
104 10 172
1364 57 172
1407 68 173
81 7 173
99 3 173
2217 20 173
68 46 173
31 28 173
75 38 173
15 12 173
2 0 173
99 0 173
493 22 173
27 9 173
5 10 173
3 5 173
494 26 173
494 26 173
0 0 173
4 5 173
99 3 173
93 1 173
99 0 173
1 3 174
105 6 174
34 25 174
64 5 174
5 10 174
5 11 174
78 4 174
0 0 174
42 1 174
42 1 174
488 21 174
42 4 174
2121 23 174
487 22 174
0 0 174
36 24 174
29 26 174
78 7 174
99 0 174
75 40 174
104 11 174
1407 68 174
0 0 174
2 0 174
76 42 174
498 33 174
14 1 174
24 0 175
104 11 175
0 2 175
494 25 175
1404 63 175
5 10 175
0 0 175
28 10 175
7 0 175
104 11 175
3 7 175
28 8 175
134 0 175
2677 11 175
5 10 175
78 3 175
28 12 175
0 0 175
99 1 176
0 0 176
2655 10 176
99 3 176
30 7 176
3 7 176
1 3 176
0 0 176
0 0 176
14 22 176
42 1 176
73 38 176
74 38 177
2 5 177
79 3 177
497 33 177
1 2 177
494 26 177
28 10 177
2 7 177
0 0 177
28 10 177
78 3 177
496 28 177
42 1 177
0 0 177
2 5 177
496 29 177
99 4 177
42 1 177
0 0 177
0 0 177
15 11 178
0 1 178
15 16 178
29 7 178
2 5 178
14 28 178
104 11 178
27 6 178
62 3 178
29 7 178
0 1 178
78 3 178
99 4 178
2 4 178
493 25 178
15 13 179
0 0 179
29 8 179
0 2 179
79 3 179
0 1 179
78 3 179
19 0 179
19 0 179
0 1 179
1 3 179
29 8 179
0 0 179
134 0 179
42 1 179
78 3 179
0 1 179
19 0 179
19 0 179
3 5 180
575 19 180
19 0 180
27 28 180
27 26 180
0 2 180
93 1 180
0 0 180
111 35 180
0 0 180
498 32 180
0 2 180
575 19 180
0 0 180
99 4 180
0 2 180
0 0 180
0 2 180
65 5 180
578 26 181
578 25 181
28 10 181
0 0 181
178 2 181
580 26 181
28 11 181
19 0 181
178 2 181
0 0 181
14 21 181
29 6 181
28 10 181
579 19 181
0 0 181
0 0 181
1400 90 181
19 0 181
19 0 182
0 0 182
65 5 182
0 0 182
0 2 182
1388 74 182
93 5 182
78 5 182
93 1 182
0 0 182
63 6 182
0 0 182
102 15 182
78 4 182
118 36 182
1382 15 182
78 4 182
65 5 182
2 0 182
1377 72 182
2483 22 183
19 0 183
1384 74 183
115 38 183
95 5 183
152 11 183
0 2 183
1201 8 183
19 0 183
178 2 183
93 1 183
0 2 183
0 0 183
93 1 183
99 4 183
0 0 183
0 2 183
93 5 183
2677 11 183
0 0 184
152 11 184
1407 88 184
0 0 184
115 35 184
101 6 184
93 3 184
2480 9 184
115 36 184
15 18 184
92 3 184
152 11 184
0 0 184
0 3 185
2 0 185
0 0 185
96 5 185
95 3 185
105 5 185
0 3 185
19 0 185
28 10 185
2619 10 185
0 0 185
0 0 185
0 0 185
62 3 185
108 36 185
108 29 185
0 0 185
95 5 185
1507 17 186
0 3 186
93 1 186
93 2 186
5 1 186
93 1 186
1393 81 186
5 1 186
0 0 186
64 6 186
2 4 186
106 4 186
64 5 186
1546 17 186
0 4 186
93 1 186
64 6 186
0 0 186
93 1 186
19 0 186
1393 81 186
2 4 186
93 2 186
560 18 187
0 0 187
0 0 187
5 0 187
95 5 187
99 6 187
95 5 187
95 3 187
2763 14 187
1400 90 187
106 6 187
0 1 187
3 4 187
95 5 187
1982 21 187
94 5 187
3 3 187
6 2 188
3 2 188
5 0 188
93 1 188
547 20 188
3 1 188
325 5 188
0 1 188
1920 20 188
2 5 188
2 0 188
547 20 188
63 6 188
323 5 188
0 1 188
0 1 188
3 4 188
1920 20 188
93 2 188
2501 11 188
6 2 188
152 14 189
2535 9 189
46 39 189
547 22 189
2575 8 189
93 1 189
93 1 189
605 25 189
0 2 189
93 2 189
0 0 189
93 1 189
92 2 189
1665 18 189
15 17 189
0 0 189
0 0 189
0 1 189
3 4 189
1373 66 189
4 13 190
6 2 190
1392 75 190
2007 21 190
3 3 190
0 4 190
1392 75 190
15 19 190
93 1 190
96 5 190
3 4 190
0 2 190
1393 78 190
0 2 190
583 21 190
152 11 190
2408 20 190
1800 21 191
152 10 191
2548 8 191
0 2 191
63 5 191
2442 8 191
547 24 191
0 0 191
0 0 191
2431 8 191
549 20 191
3 12 191
556 18 191
2431 8 191
0 3 192
0 2 192
3 4 192
0 0 192
152 11 192
0 0 192
15 14 192
0 1 192
0 4 192
546 19 192
0 0 192
152 11 192
152 12 192
1611 18 192
0 2 192
0 0 193
0 0 193
0 1 193
0 1 193
179 7 193
2559 8 193
390 663 193
3 4 193
2 0 193
0 0 193
179 7 193
0 4 193
609 27 193
1982 21 193
0 0 193
1897 18 193
1823 21 193
152 13 193
0 3 193
152 11 193
1039 58 194
3 3 194
1 3 194
560 18 194
1870 19 194
0 0 194
0 1 194
550 17 194
547 28 194
0 1 194
0 1 194
1039 58 194
1920 20 195
0 1 195
0 0 195
1039 54 195
0 3 195
3 4 195
0 2 195
0 0 195
0 1 195
0 2 195
0 1 195
2 3 195
549 18 195
0 4 195
0 2 195
0 3 195
0 2 195
6 2 196
0 0 196
152 12 196
152 12 196
0 0 196
2 1 196
6 1 196
0 1 196
179 8 196
0 0 196
549 18 196
1 3 196
0 1 196
179 8 196
7 1 196
0 1 196
5 1 196
0 0 196
52 4 196
323 5 196
2582 8 197
48 38 197
393 173 197
52 5 197
178 4 197
2 3 197
178 4 197
2 3 197
0 1 197
0 0 197
550 17 197
0 0 197
0 7 197
283 8 197
2 3 197
550 17 197
52 7 197
0 0 197
52 4 197
6 1 197
7 1 198
0 2 198
23 25 198
1 1 198
6 1 198
0 1 198
0 2 198
325 7 198
152 13 198
7 1 198
323 5 198
0 0 198
290 5 198
178 1 198
1 2 198
43 38 198
0 0 199
52 8 199
347 729 199
7 1 199
55 33 199
0 0 199
443 4 199
52 7 199
6 1 199
6 2 199
6 1 199
1 2 199
3 11 199
6 1 199
1 2 199
596 23 199
7 1 199
