1 0 0 0 0 0 0 0 0 A
1 228 7 5 0 1 1998 545868 91 A
3 3 1 5 0 3 5 1255 3 A
2 1 0 1 0 0 94 34782 16 A
1 2 0 6 0 4 2389 906152 113 A
1 0 0 0 0 0 2 234 1 A
3 1 0 83 50 59 63 86611 16 A
1 0 0 1 0 0 26 6993 3 A
1 0 0 0 0 0 2 81 1 A
3 0 0 1 0 0 1 37 1 A
5 1 1 20 5 2 3 195 1 A
1 0 4 1 0 0 11 9982 4 A
2 0 0 16 1 0 1 63 1 A
3 0 0 99 0 12 2 34 1 A
3 2 0 11 0 30 58 33855 12 A
2 0 0 43 0 59 8 2777 3 A
2 0 0 8 0 0 3 192 2 A
2 0 0 56 6 59 2 241 1 A
2 0 0 47 0 3 5 62 4 A
4 0 0 3 0 1 6 469 2 A
3 0 0 6 0 0 3 54 1 A
1 0 0 10 0 0 24 15789 7 A
2 0 0 271 9 1175 9 3705 4 A
2 0 0 0 0 0 2 118 1 A
2 0 0 1 0 0 2 156 1 A
2 1 0 3 0 1 11 1789 5 A
2 6 14 138 3 1486 10 2675 7 A
2 0 0 7 0 0 15 3556 5 A
2 0 0 0 0 0 0 0 0 A
2 0 0 1 0 0 8 3750 2 A
2 0 0 1 0 0 15 21913 5 A
1 0 0 24 0 0 277 81183 26 A
3 2 4 271 9 1175 95 43995 13 A
3 0 0 0 0 0 2 105 1 A
3 5 0 1 0 7 89 126076 5 A
2 0 0 0 0 0 2 13 1 A
2 1 0 4 0 0 95 49141 13 A
1 3 1 1 0 0 69 31371 14 A
1 102 1 0 0 0 147 110706 8 A
1 0 0 0 0 0 1 18 0 A
2 0 0 0 0 0 3 126 2 A
3 3 5 1 0 1 54 31998 7 A
2 5 3 140 27 379 20 9491 5 A
2 0 0 6 0 0 10 3859 3 A
3 0 0 8 0 0 10 5656 3 A
2 5 1 0 0 0 0 0 0 A
1 0 0 8 0 0 3 423 2 A
1 3 0 3 0 0 121 143109 19 A
2 0 0 111 0 12 3 124 1 A
1 126 45 15 0 2131 3784 1460855 104 A
1 0 0 0 0 0 2 17 0 A
1 0 0 83 50 59 10 5073 4 A
2 0 0 2 0 0 2 212 1 A
1 0 0 4 1 0 1 683 1 A
2 0 0 0 0 0 3 379 1 A
2 1 0 0 0 0 0 0 0 A
2 0 0 0 0 0 1 38 0 A
2 0 0 0 0 0 2 643 1 A
2 0 0 0 0 0 1 166 1 A
2 0 0 324 1 243 5 171 1 A
2 0 0 7 0 0 33 17734 4 A
1 0 0 4 0 1 1 225 1 A
2 0 0 0 0 0 2 310 0 A
2 0 0 8 0 0 50 39984 8 A
2 0 0 8 0 0 23 30310 3 A
2 0 0 0 0 0 1 17 0 A
3 0 0 26 0 12 3 449 2 A
1 0 0 1 0 0 2 40 1 A
1 0 0 1 0 0 2 544 2 A
2 0 0 9 0 1 3 311 1 A
1 0 0 0 0 0 3 561 2 A
2 701 76 9 0 490 2861 1132600 140 A
4 0 0 503 0 58 58 41971 8 A
2 0 2 3 0 0 11 69155 8 A
2 554 54 0 0 0 18794 2536031 401 A
1 6448 348 8 0 7427 14081 1866761 137 A
2 0 0 0 0 0 0 0 0 A
3 0 0 24 0 0 7 21323 5 A
1 0 0 0 0 0 2 48 1 A
1 0 0 0 0 0 2 582 0 A
3 1 0 1 0 1 43 38630 14 A
1 0 0 0 0 0 0 0 0 A
1 1 0 0 0 0 0 0 0 A
2 0 0 1 8 0 176 59095 19 A
4 0 2 1 0 0 3 862 2 A
4 0 0 324 1 244 2 118 1 A
3 0 0 0 0 0 3 2046 1 A
3 0 0 0 0 0 1 12 0 A
1 0 0 0 0 0 0 0 0 A
2 0 0 0 0 0 2 241 0 A
1 194 105 22 1 1057 376 73111 6 A
1 0 0 1 0 0 4 290 1 A
1 0 0 0 0 0 2 8 1 A
2 1 0 7 0 2 23 18340 8 A
3 0 0 10 0 0 2 478 1 A
2 1 2 1 0 0 5 5556 3 A
2 0 0 324 1 244 3 233 2 A
1 0 0 30 0 0 2 47 2 A
1 0 0 0 0 0 2 41 0 A
4 0 1 1 0 0 3 478 2 A
3 44 14 20 6 2729 6032 1380682 91 A
3 0 0 1 0 0 8 5303 5 A
4 1 0 3 0 0 3 7245 1 A
2 0 0 8 0 0 2 123 1 A
2 0 0 1 0 0 2 1861 2 A
4 0 0 0 0 0 0 0 0 A
1 0 0 0 0 0 0 0 0 A
1 4 0 1109 4 2621 544 206042 7 A
1 0 0 0 0 0 0 0 0 A
2 0 0 0 0 0 2 799 0 A
2 0 0 0 0 0 1 24 0 A
1 0 0 0 0 0 0 0 0 A
2 0 0 3 0 0 3 813 2 A
3 1 0 7 0 0 6 270 5 A
1 1 1 19 0 5 1 321 1 A
3 2 0 0 0 0 0 0 0 A
2 0 0 143 2 26 5 819 1 A
2 0 0 15 0 8 351 83651 45 A
4 15 2 5 0 0 55 90530 17 A
3 0 5 324 1 244 3 629 2 A
2 0 0 7 0 0 75 79470 9 A
1 0 0 44 2 14 3 237 1 A
1 8 0 0 0 0 0 0 0 A
2 0 0 0 0 0 1 9 0 A
2 1 0 0 0 0 3 424 1 A
1 0 0 0 0 0 1 22 0 A
1 0 0 0 0 0 1 151 0 A
2 0 0 10 0 0 2 478 1 A
2 1 0 0 0 0 0 0 0 A
2 0 0 0 0 0 0 0 0 A
1 1 0 155 0 17 2 105 1 A
3 2 0 5 5 0 17 846 5 A
2 7 0 140 3 1488 6 1196 1 A
2 0 0 0 0 0 1 89 0 A
2 32 0 0 0 0 81 36289 17 A
1 25 16 0 0 0 0 0 0 A
2 0 0 8 0 0 347 51040 25 A
3 0 0 8 0 0 9 1182 2 A
0 0 0 0 0 0 0 0 0 A
1 0 0 34 10 30 3 783 2 A
4 0 0 6 0 0 28 13780 7 A
2 0 0 0 0 0 2 15 0 A
2 0 0 137 0 3 3 561 2 A
3 0 0 0 0 0 3 207 1 A
2 0 1 6 0 0 37 29737 10 A
1 0 0 4 0 0 308 584947 70 A
2 32 2 92 23 3937 938 212490 18 A
2 0 0 0 0 0 0 0 0 A
2 0 0 5 0 0 19 10056 6 A
2 0 0 4 0 6 1098 1815197 56 A
2 0 0 48 1 38 2 28 1 A
2 1000 146 3 0 558 130341 8622594 535 A
2 6 0 119 0 2621 57 39858 8 A
1 3 0 0 0 0 0 0 0 A
1 0 0 0 0 0 6 3390 2 A
2 0 2 10 0 3 2 32 1 A
1 0 1 1 0 0 2 256 1 A
3 5 0 1 0 7 89 126279 5 A
1 0 0 0 0 0 2 159 1 A
2 0 1 27 0 5 6 918 2 A
2 0 0 17 0 1 41 33308 7 A
2 0 0 7 0 0 15 3558 5 A
3 776 104 67 1 1810 31579 4324860 375 A
3 0 0 2 0 0 3 133 2 A
2 0 0 4 9 0 25 7426 8 A
2 0 0 0 0 0 1 25 0 A
3 0 0 12 30 13 2 66 1 A
2 0 0 0 0 0 2 67 1 A
3 0 1 1 0 0 2 36 1 A
1 40 3 3 0 4 59 24626 5 A
3 0 0 1 0 0 1 37 1 A
2 0 0 5 0 0 2 5874 2 A
1 1 0 83 50 59 121 58386 16 A
1 1 0 9 0 0 2 316 1 A
4 1 0 2 0 3 15 7483 3 A
2 1 0 1 0 0 94 34782 16 A
1 0 0 0 0 0 0 0 0 A
3 0 0 4 0 0 2 236 1 A
3 0 0 11 0 0 16 3944 4 A
1 0 0 83 50 59 18 24455 8 A
1 0 0 251 3 68 2 42 1 A
2 0 0 9 0 0 2 620 1 A
2 0 0 8 0 0 12 2935 3 A
3 0 0 1 0 0 2 186 1 A
2 0 0 0 0 0 25 11678 4 A
3 1 0 18 0 149 58 65065 13 A
2 20 10 14 0 6 252 90956 30 A
1 0 0 1 0 0 3 65 1 A
2 0 0 0 0 0 2 151 1 A
2 2147 180 300 170 155000 76623 7593346 969 A
3 0 0 1 0 0 3 2251 2 A
4 0 0 44 0 26 2 248 1 A
2 0 0 0 0 0 0 0 0 A
2 0 1 0 0 0 0 0 0 A
1 5 0 0 0 0 0 0 0 A
2 4 2 48 1 38 8 1744 5 A
2 0 0 5 0 0 6 6766 2 A
3 0 0 9 0 2 5 5251 3 A
1 0 0 0 0 0 3 135 1 A
2 0 0 6 0 0 3 54 1 A
1 0 0 0 0 0 1 362 1 A
1 3 9 0 0 0 0 0 0 A
2 0 0 148 27 4075 41 16655 5 A
2 20 10 14 0 6 252 90956 30 A
1 0 0 0 0 0 0 0 0 A
1 0 0 0 0 0 3 64 0 A
2 0 0 0 0 0 382 342425 34 A
2 0 0 0 0 0 1 32 0 A
2 0 0 0 0 0 3 127 2 A
1 0 0 206 26 73 9 1477 8 A
1 0 0 2 9 0 6 602 2 A
1 0 0 0 0 0 4 461 2 A
3 0 0 5 0 0 2 27 1 A
1 554 54 0 0 0 18792 2535969 401 A
3 0 0 3 0 1 6 469 2 A
3 0 0 2 0 0 2 9 1 A
2 0 0 324 1 244 3 30 1 A
1 1 0 0 0 0 0 0 0 A
3 0 0 16 1 0 1 63 1 A
1 2 0 20 27 72 116 116613 11 A
1 0 0 0 0 0 0 0 0 A
2 701 76 9 0 490 2861 1132553 140 A
2 641 58 76 118 57000 400 73954 17 A
1 0 0 16 1 0 1 63 1 A
1 0 0 4 0 0 4 126 1 A
2 0 0 0 0 0 0 0 0 A
3 1 0 1 0 1 43 38630 14 A
1 1 0 2 0 0 12 13766 3 A
2 0 0 0 0 0 2 29 1 A
2 0 0 1 0 0 15 21915 5 A
2 0 0 0 0 0 8165 1615260 240 A
1 0 0 0 0 0 2 118 1 A
2 0 0 0 0 0 0 0 0 A
1 0 0 7 0 0 65 153412 14 A
1 0 0 0 0 0 0 0 0 A
1 1 0 1 0 0 9 667 1 A
2 0 0 1 0 1 2905 1152221 107 A
1 0 0 0 0 0 0 0 0 A
1 0 0 8 0 0 3 193 2 A
2 0 0 0 0 0 0 0 0 A
1 0 0 40 0 16 17 48051 6 A
2 1 0 7 0 2 23 18340 8 A
2 0 5 0 0 0 70 32320 12 A
3 5 0 1 0 7 89 126275 5 A
1 0 0 0 0 0 0 0 0 A
1 0 0 43 0 59 8 2781 3 A
2 0 0 0 0 0 0 0 0 A
1 0 0 10 0 1 8 8067 5 A
1 0 0 354 0 36 6 622 2 A
3 2 0 77 0 7878 3030 1177806 88 A
1 0 0 10 3 0 3 30 2 A
3 0 0 0 0 0 3 127 1 A
3 0 0 1 0 0 7 1653 4 A
3 0 0 1 0 0 8 5303 5 A
1 9 6 2 0 0 224 70955 17 A
1 0 0 0 0 0 0 0 0 A
2 1 0 18 0 149 58 65065 13 A
2 0 0 1 0 1 34 5938 3 A
2 0 0 0 0 0 1 24 0 A
3 68 14 0 0 0 602 1243709 48 A
1 1 0 69 0 30 2 350 1 A
3 0 0 8 0 0 12 2935 3 A
1 0 0 0 0 0 1 6 0 A
2 0 0 0 0 0 2 617 1 A
2 228 7 5 0 1 1998 545868 91 A
1 0 0 0 0 0 1 16 0 A
2 0 0 15 0 8 351 83651 45 A
1 0 0 0 0 0 0 0 0 A
2 0 0 0 0 0 0 0 0 A
2 0 1 1 0 0 4 1150 3 A
3 2 0 7 0 20 122 72949 15 A
2 0 0 11 0 1 3 51 2 A
1 0 0 0 0 0 3 74 0 A
1 0 0 0 0 0 1 22 0 A
2 0 0 5 0 0 27 25447 6 A
1 0 0 0 0 0 0 0 0 A
1 0 0 0 0 0 3 127 2 A
7 0 0 0 0 0 5 851 1 A
3 0 0 2 0 0 2 34 1 A
0 0 0 7 0 0 65 153412 14 A
2 32 0 0 0 0 81 36289 17 A
3 1 0 2 0 1 40 21130 6 A
3 0 0 0 0 0 0 0 0 A
1 0 0 6 0 0 3 54 1 A
1 0 0 0 0 0 0 0 0 A
2 0 0 0 0 0 2 15 0 A
0 89 44 105 20 20000 13804 4203216 431 A
1 0 1 39 0 4 14 5597 9 A
3 0 0 0 0 0 0 0 0 A
1 0 0 0 0 0 0 0 0 A
1 4 1 128 0 97 738 262783 42 A
2 1 0 1 0 0 94 34782 16 A
1 0 0 0 0 0 2 91 1 A
1 0 0 43 0 59 8 2781 3 A
2 0 0 10 0 0 33 11600 7 A
3 1 0 83 50 59 63 86608 16 A
2 0 0 16 1 0 1 63 1 A
3 0 0 1 0 0 1 37 1 A
1 641 58 76 118 57000 400 73954 17 A
4 0 0 1 0 0 7 1653 4 A
2 0 0 43 0 59 8 2781 3 A
4 0 0 3 0 1 6 469 2 A
3 0 0 8 0 0 9 1181 2 A
3 0 0 6 0 0 3 54 1 A
2 0 0 0 0 0 2 118 1 A
2 0 0 1 0 0 2 156 1 A
2 1 2 0 0 0 0 0 0 A
1 228 7 5 0 1 1998 545867 91 A
2 0 0 0 0 0 0 0 0 A
1 0 0 4 0 0 2 10 2 A
2 0 0 8 0 0 3 193 2 A
2 0 0 1 0 0 15 21915 5 A
2 0 2 10 0 3 2 32 1 A
2 0 0 13 0 0 13 17745 3 A
3 5 0 1 0 7 89 126263 5 A
4 0 1 1 0 0 4 1150 3 A
2 0 0 7 0 0 15 3558 5 A
2 0 0 8 0 0 7 5629 4 A
3 0 0 11 0 0 16 3944 4 A
2 0 0 0 0 0 3 127 2 A
3 0 1 1 0 0 2 36 1 A
2 0 1 0 0 0 0 0 0 A
3 2 0 0 0 0 0 0 0 A
1 228 7 5 0 1 1998 545867 91 A
3 0 0 11 0 0 16 3944 4 A
3 0 0 11 0 0 16 3944 4 A
2 0 0 8 0 0 12 2935 3 A
3 0 0 29 4 2 2 14 1 A
2 0 1 0 0 0 0 0 0 A
1 0 0 0 0 0 3 135 1 A
3 0 0 0 0 0 3 132 2 A
1 0 0 0 0 0 3 135 1 A
2 0 0 43 0 59 8 2781 3 A
3 4 3 15 0 120 145 216505 11 A
1 0 0 0 0 0 3 64 0 A
1 0 0 7 0 0 29 4422 10 A
1 0 0 0 0 0 3 27 2 A
3 0 0 5 0 0 2 27 1 A
2 0 0 16 1 0 1 63 1 A
4 0 0 7 0 0 9 7578 4 A
1 0 0 0 0 0 0 0 0 A
1 0 0 24 0 0 24 3283 6 A
1 228 7 5 0 1 1998 545865 91 A
2 0 0 4 0 0 2 22 1 A
2 0 0 2 0 0 3 203 1 A
1 0 0 24 0 0 24 3283 6 A
2 0 1 2 0 1 52 24675 5 A
2 0 0 2 0 0 20 37150 6 A
3 0 0 5 0 0 2 27 1 A
1 0 0 24 0 0 277 81263 26 A
1 0 1 1 0 0 3 497 0 A
1 1 5 25 0 66 161 50058 3 A
1 0 0 0 0 0 0 0 0 A
2 0 0 3 0 0 73 29509 9 A
2 0 0 16 1 0 1 63 1 A
1 0 0 6 0 0 54 17214 7 A
1 0 0 0 0 0 4 1220 2 A
2 0 2 134 0 33 1 37 0 A
2 1 4 63 0 5 4 1023 4 A
1 0 0 43 0 59 8 2781 3 A
3 0 0 3 0 0 2 37 1 A
1 0 0 7 0 0 9 1725 2 A
2 31 13 104 4 18000 4934 932984 65 A
3 0 0 0 0 0 2 33 1 A
3 0 0 2 0 0 12 5869 4 A
2 0 0 3 0 0 2 31 1 A
2 0 0 2 0 0 20 37150 6 A
2 0 0 6 0 1 695 114713 12 A
2 0 0 4 0 0 2 25 1 A
1 0 0 11 0 0 29 4422 10 A
2 0 0 1 0 0 4 456 2 A
4 0 0 8 0 0 11 1264 4 A
2 0 0 1 0 0 1181 177680 27 A
1 0 0 0 0 0 0 0 0 A
2 0 0 4 0 0 2 22 1 A
1 0 0 2 0 0 4 403 3 A
2 0 0 1 0 0 4 470 2 A
2 0 0 7 0 0 19 11156 5 A
2 0 0 11 0 0 16 3944 4 A
3 0 0 6 0 0 1 102 1 A
2 0 1 78 0 173 35 4464 7 A
2 0 0 29 2 6 2 197 1 A
2 4 0 5 0 8 454 46616 10 A
1 2 6 21 0 8 19 11542 10 A
1 0 0 6 0 0 10 1589 7 A
2 9 2 50 21 2179 238 214612 28 A
2 0 0 0 0 0 3 181 0 A
2 0 3 125 0 15 3 234 3 A
3 0 0 70 0 6 5 16 3 A
3 0 0 0 0 0 0 0 0 A
3 0 0 8 0 0 50 40037 8 A
3 14 10 139 3 1488 249 66453 14 A
2 0 0 16 3 7 12 6388 4 A
3 0 0 10 3 1 2 95 1 A
2 0 0 0 0 0 2 386 0 A
3 0 0 5 0 0 33 10803 10 A
2 0 0 4 0 0 5 2552 3 A
2 0 0 18 0 1 56 7895 10 A
4 0 0 0 0 0 2 20 1 A
2 0 0 8 0 0 20 9844 6 A
2 0 0 25 0 3 2 146 1 A
3 0 1 0 0 0 379 86954 16 A
3 0 0 7 0 0 61 53833 12 A
1 0 0 7 0 0 19 11156 5 A
3 175 23 104 4 18000 31578 4324390 375 A
3 65 8 6 0 2 249 195521 47 A
5 48 25 2 2 8 249 195521 47 A
3 0 0 1 0 0 2 213 1 A
1 31 13 104 4 18000 4932 932862 65 A
4 0 0 1 0 0 4 1302 2 A
1 0 0 13 0 0 25 23695 7 A
1 0 0 0 0 0 3 229 0 A
2 359 37 26 0 1804 24049 1938475 278 A
2 0 0 2 0 2 2 1674 2 A
2 0 0 9 0 5 1 168 1 A
3 0 0 7 0 0 2 25 1 A
3 1 2 1 0 0 13 12073 3 A
1 0 0 9 0 0 4 577 2 A
3 0 0 3 0 1 6 469 2 A
3 0 0 0 0 0 2 9 0 A
3 24 4 3 0 4 24 9771 6 A
2 0 0 1 0 0 2 268 1 A
2 0 0 0 0 0 2 159 1 A
2 18 4 17 0 11 103 45306 15 A
2 0 0 0 0 0 3 127 2 A
3 0 0 0 0 0 0 0 0 A
2 0 0 0 0 0 0 0 0 A
2 0 0 1 0 0 3 504 1 A
2 0 0 0 0 0 3 381 0 A
2 0 0 0 0 0 0 0 0 A
2 1 0 0 0 0 0 0 0 A
3 1 8 32 0 0 2 1087 1 A
1 1 0 0 0 0 3 58 1 A
2 0 0 0 0 0 0 0 0 A
1 0 1 0 0 0 0 0 0 A
2 0 0 0 0 0 0 0 0 A
1 0 0 0 0 0 2 67 1 A
1 326 5 0 0 0 0 0 0 A
1 0 0 0 0 0 2 20 1 A
2 0 0 1 0 1 10 2930 3 A
1 0 0 0 0 0 0 0 0 A
1 0 0 0 0 0 0 0 0 A
1 0 0 0 0 0 2 141 1 A
1 0 0 0 0 0 2 143 1 A
1 0 0 13 0 0 4 3593 2 A
2 172 82 0 0 0 0 0 0 A
2 0 0 29 4 2 2 14 1 A
2 0 0 13 0 2 54 121549 13 A
1 1 0 59 48 324 4 522 4 A
1 0 0 0 0 0 2 10 1 A
1 0 0 0 0 0 3 27 2 A
1 0 0 0 0 0 0 0 0 A
0 0 0 0 0 0 2 16 1 A
2 0 0 13 0 0 235 214426 17 A
0 97 30 0 0 0 0 0 0 A
4 0 0 0 0 0 3 132 2 A
1 0 0 1 0 0 2 25 1 A
3 3 2 138 0 1855 21 5034 7 A
0 0 0 0 0 0 0 0 0 A
2 3 5 1 0 1 54 31998 7 A
2 21 0 17 0 11 40 76635 6 A
1 0 0 0 0 0 2 306 0 A
2 0 0 4 0 0 2 41 1 A
2 0 0 7 0 0 2 94 1 A
2 225 87 17 0 2668 47413 9874053 496 A
2 0 0 1 0 0 3 29 1 A
2 0 0 111 0 12 4 211 2 A
1 1 2 37 0 13 9 16846 3 A
1 43 31 0 0 0 0 0 0 A
1 0 0 0 0 0 0 0 0 A
2 0 0 4 0 0 6 7613 3 A
1 1 0 3 0 0 119 96077 13 A
1 0 0 0 0 0 1 54 1 A
2 32 0 0 0 0 81 36274 17 A
2 0 0 1 0 0 3 548 1 A
2 17 6 68 2 18000 100 28008 27 A
2 0 0 0 0 0 1 8 0 A
2 0 0 0 0 0 1 17 0 A
1 0 0 0 0 0 0 0 0 A
3 0 0 8 1 49 3 411 1 A
1 0 0 18 1 7 4 1493 2 A
1 0 0 0 0 0 3 127 2 A
2 0 0 17 8 4 56 49501 10 A
2 228 7 5 0 1 1998 545862 91 A
2 0 0 6 0 0 3 54 1 A
4 0 0 0 0 0 2 267 1 A
3 0 0 0 0 0 8165 1615222 240 A
2 0 0 114 1 9 2322 465710 41 A
2 0 0 16 1 0 1 63 1 A
3 3 0 54 0 109 2531 581651 66 A
1 0 0 3 2 0 19 11694 5 A
1 0 0 0 0 0 3 613 0 A
3 0 0 8 0 0 3 193 2 A
2 0 2 0 0 0 3 766 2 A
1 0 0 0 0 0 1 7 0 A
2 641 58 76 118 57000 400 73951 17 A
2 0 0 3 0 1 6 469 2 A
2 0 0 1 0 0 2 83 1 A
2 0 0 0 0 0 1 8 0 A
3 0 0 6 0 0 25 7425 8 A
2 1 0 8 0 0 9 9234 3 A
2 1 0 0 0 0 2 644 1 A
3 0 0 0 0 0 2 118 1 A
1 28 23 3 0 1 19 48960 11 A
2 0 0 10 3 0 3 30 2 A
1 0 0 2 0 0 2 985 1 A
1 1 0 0 0 0 0 0 0 A
2 0 0 43 0 59 8 2781 3 A
1 0 0 44 2 14 3 237 1 A
2 0 0 5 0 0 40 21381 11 A
3 0 0 0 0 0 2 22 0 A
2 0 0 0 0 0 1 39 0 A
1 0 0 0 0 0 2 346 2 A
1 1 0 1 0 0 3 868 2 A
2 3 0 104 24 1197 13 782 4 A
3 0 0 0 0 0 1 75 0 A
2 1 0 1 0 0 9 667 1 A
2 0 0 8 0 0 12 2935 3 A
1 0 0 7 0 0 19 12371 9 A
3 0 1 1 0 0 309 802339 41 A
2 0 0 5 0 0 33 10803 10 A
3 0 0 33 2 5 20 5900 14 A
3 0 0 112 0 36 4 188 3 A
1 1 0 20 0 0 22 5181 11 A
0 7 7 43 0 9 1215 223978 36 A
0 0 0 24 0 3 2905 1152123 107 A
0 0 0 83 50 59 9 3414 4 A
0 2 3 3 0 0 205218 164531685 7213 A
2 0 0 0 0 0 1 9 0 A
1 0 0 0 0 0 0 0 0 A
1 0 0 0 0 0 2 143 1 A
1 0 0 18 1 7 4 1493 2 A
1 0 0 0 0 0 9 173 8 A
3 0 0 0 0 0 6 769 1 A
4 0 0 0 0 0 2 267 1 A
3 0 0 5 0 0 4 239 2 A
3 3 0 54 0 109 2531 581605 66 A
0 0 2 0 0 0 2 92 1 A
1 3 2 6 0 20 23 5453 5 A
2 0 2 0 0 0 3 766 2 A
0 0 0 0 0 0 7 529 2 A
0 0 0 1 0 1 3 16 2 A
2 0 0 1 0 0 2 83 1 A
1 0 0 80 1 33 2 58 1 A
0 0 0 1 0 0 3 39 2 A
2 1 0 0 0 0 2 644 1 A
2 0 0 24 0 3 8 5375 6 A
0 0 0 2 0 0 3 21 2 A
1 1 0 0 0 0 0 0 0 A
2 0 0 1 0 1 2 128 1 A
0 1 0 0 0 0 0 0 0 A
3 0 0 0 0 0 2 22 0 A
2 123 74 104 4 18000 19162 3328513 360 A
2 3 0 104 24 1197 13 781 4 A
2 14 2 104 4 18000 60447 6591016 400 A
2 101 1 3 0 2 820 133245 15 A
1 0 0 0 0 0 2136 233699 55 A
2 0 0 25 0 4 216 138327 12 B
3 0 0 4 0 0 813 161586 32 B
2 8 6 140 3 1488 7 3666 2 B
1 0 1 7 0 0 12 29730 6 B
2 0 0 0 0 0 2 29 0 B
3 0 0 3 0 0 4 55 2 B
1 0 1 3 0 1 650 155009 15 B
1 0 8 3 0 0 12 7718 3 B
2 1 1 0 0 0 4 171 1 B
1 0 0 15 2 140 3 57 1 B
3 0 0 0 0 0 2 107 1 B
3 1 0 18 0 149 58 65067 13 B
1 0 0 2 0 0 7 3838 4 B
1 0 0 0 0 0 0 0 0 B
2 0 0 268 44 95 81 18810 14 B
1 0 0 3 0 0 2 170 1 B
1 0 0 0 0 0 1 12 0 B
2 0 0 33 0 2 20 41471 4 B
2 0 0 225 94 403 3 113 2 B
3 0 0 3 0 0 3 240 1 B
1 0 0 45 0 6 2 648 1 B
2 0 0 8 0 0 50 39984 8 B
2 0 0 0 0 0 4 1220 2 B
1 0 0 0 0 0 1 429 0 B
2 0 0 10 0 0 5 2457 2 B
3 0 0 2 0 0 12 5863 4 B
3 0 0 0 0 0 3 1944 2 B
1 0 0 3 0 0 3 3861 2 B
2 0 0 0 0 0 0 0 0 B
1 1 0 0 0 0 0 0 0 B
1 0 0 5 0 1 2 54 1 B
2 0 0 1 0 0 4 470 2 B
1 1 0 206 26 72 3 92 2 B
2 0 0 0 0 0 0 0 0 B
3 0 0 0 0 0 22 47297 8 B
2 2 0 0 0 0 3 349 1 B
3 0 0 324 1 243 5 416 3 B
3 0 0 1 0 0 3 179 1 B
1 0 0 8 0 0 124 49627 6 B
3 0 0 5 0 0 2 24 1 B
3 0 0 5 0 0 33 10803 10 B
2 1 4 23 0 1 7 4922 1 B
3 0 1 0 0 0 379 86933 16 B
2 0 0 4 0 0 4 99 1 B
1 96 63 0 0 0 0 0 0 B
2 0 0 4 0 0 2 64 1 B
2 1 0 32 14 597 66 93185 6 B
2 0 0 8 0 0 10 3658 4 B
2 2 3 0 0 0 131 228645 23 B
2 0 0 6 0 0 10 1588 7 B
1 192 26 0 0 0 0 0 0 B
3 0 0 0 0 0 2 60 1 B
2 5 3 140 27 379 20 9491 5 B
2 0 0 4 0 0 5 2552 3 B
3 0 1 9 0 0 39 37823 3 B
1 0 0 0 0 0 1 18 0 B
1 1 0 3 0 0 119 96077 13 B
3 0 0 16 1 0 1 63 1 B
2 1 0 0 0 0 0 0 0 B
2 0 0 7 0 0 139 34774 24 B
2 0 0 39 0 1 3 175 1 B
2 0 0 80 0 31 4 984 3 B
2 0 0 2 0 0 2 202 1 B
2 0 0 0 0 0 2 143 1 B
4 0 0 2 0 0 6 3594 5 B
1 0 0 399 0 58 3 2240 2 B
2 0 0 0 0 0 0 0 0 B
2 0 0 2 0 0 826 371562 41 B
1 1 0 0 0 0 0 0 0 B
1 0 0 331 1 103 2 49 1 B
4 0 0 4 0 1 3 123 1 B
1 1 0 69 0 15 2 1893 3 B
2 0 0 39 0 1 3 189 1 B
2 0 0 324 1 243 5 171 1 B
1 0 0 3 1 0 5 4359 2 B
1 0 0 1 0 0 2 225 1 B
1 102 1 0 0 0 147 110706 8 B
2 0 0 0 0 0 0 0 0 B
2 0 0 155 0 17 2 139 1 B
2 0 0 18 0 25 13 8355 3 B
1 1 0 6 0 3 44 27029 8 B
2 2 0 4 0 1 2 1912 1 B
2 0 0 76 3 19 9 2755 6 B
1 0 0 8 0 11 2860 1131710 140 B
1 2 0 0 0 0 0 0 0 B
2 0 0 133 0 12 3 121 1 B
3 0 0 399 0 58 6 3711 6 B
2 0 0 1 0 0 13 5303 3 B
2 0 0 0 0 0 0 0 0 B
2 126 45 15 0 2131 3784 1460855 104 B
1 0 0 0 0 0 0 0 0 B
1 0 0 0 0 0 0 0 0 B
2 0 0 0 0 0 0 0 0 B
1 0 0 0 0 0 0 0 0 B
1 243 6 10 0 46 13804 4203207 431 B
1 0 0 0 0 0 0 0 0 B
1 0 0 0 0 0 0 0 0 B
2 0 0 0 0 0 2 256 0 B
1 0 0 0 0 0 0 0 0 B
2 0 0 0 0 0 1 27 0 B
1 0 0 0 0 0 0 0 0 B
2 0 0 2 0 0 2 85 1 B
1 0 0 0 0 0 0 0 0 B
2 0 0 10 7 43 16 15019 7 B
4 0 0 0 0 0 0 0 0 B
2 1 1 331 1 103 6 557 4 B
2 17 6 68 2 18000 100 28069 27 B
3 0 3 181 18 33 3 356 2 B
2 32 0 0 0 0 81 36289 17 B
2 0 0 5 0 0 33 10803 10 B
4 0 0 0 0 0 1 9 0 B
1 1 0 12 0 1 19161 3328813 360 B
1 0 0 2 0 0 2 458 1 B
2 0 0 0 0 0 0 0 0 B
1 0 0 1 0 0 3407 555244 130 B
1 10 0 0 0 0 0 0 0 B
2 0 0 0 0 0 3 862 2 B
1 2 0 10 0 46 468 311652 35 B
1 1 0 83 50 59 63 86611 16 B
2 0 0 0 0 0 2 643 1 B
2 0 0 8 0 0 10 5659 3 B
1 89 44 106 20 20000 13804 4203186 431 B
1 0 1 34 0 5 76625 7593431 969 B
2 0 0 3 0 0 9 286 2 B
1 904 280 7 0 828 4223 3131413 329 B
2 0 3 0 0 0 0 0 0 B
1 0 2 9 3 11 83 81233 17 B
1 2 0 83 50 59 13 4469 2 B
3 0 0 0 0 0 2 56 1 B
1 0 0 0 0 0 2 21 1 B
3 2 0 0 0 0 0 0 0 B
3 0 0 0 0 0 3 206 1 B
1 0 0 0 0 0 3 3474 2 B
2 0 0 0 0 0 1 9 0 B
1 0 0 0 0 0 1 39 0 B
1 0 0 1 0 0 2 1861 2 B
4 1 0 0 0 0 0 0 0 B
1 0 0 2 0 0 39 116367 7 B
1 0 0 6 0 0 3 513 2 B
1 0 0 4 0 0 3 94 1 B
2 0 0 0 0 0 2 14 0 B
2 0 0 0 0 0 2 33 0 B
2 0 0 0 0 0 6 2963 3 B
1 0 0 32 0 16 40 70083 5 B
2 0 0 36 0 0 4 51 0 B
1 0 0 4 0 0 2 49 1 B
1 0 0 7 0 2 6 1855 6 B
3 0 0 22 1 4 55 18291 9 B
3 1 0 12 0 9 3 1060 2 B
1 0 0 2 0 0 20 3645 9 B
2 0 0 324 1 244 9 1956 2 B
2 0 0 66 0 50 393 804470 57 B
2 0 0 0 0 0 2 306 0 B
2 0 0 1 0 0 2 727 1 B
1 0 0 15 0 24 130341 8622572 535 B
2 0 0 3 0 0 5 14992 2 B
2 0 0 18 0 0 2 257 1 B
1 1 0 7 0 3 74717 96939992 6476 B
1 0 0 0 0 0 1 6 0 B
2 0 0 3 0 0 2 42 1 B
2 3202 785 0 0 0 0 0 0 B
3 5 2 8 0 29 3 4414 3 B
2 0 0 1 0 0 3 768 2 B
1 0 0 1 1 0 5 1092 2 B
2 0 0 0 0 0 2 52 0 B
1 0 0 7 0 2 2 311 2 B
3 0 0 1 0 0 3 84 1 B
1 0 0 0 0 0 30 67664 15 B
2 0 0 228 0 128 2 352 1 B
2 0 0 0 0 0 0 0 0 B
4 0 0 0 0 0 2 180 0 B
1 1 1 6 0 14 330 330893 38 B
3 0 0 1 0 0 7 1653 4 B
2 0 0 1 0 0 2 29 1 B
2 1 0 1 0 0 94 34782 16 B
4 56 113 501 1 5562 274 389211 17 B
2 0 0 1 0 1 2 928 1 B
1 0 0 0 0 0 0 0 0 B
1 0 0 13 0 1 16 9814 9 B
2 0 2 3 0 0 1245 376583 27 B
2 1 0 83 50 59 63 86608 16 B
3 3 2 138 0 1856 21 5048 7 B
4 0 0 1 1 0 4 865 3 B
2 350 28 0 0 0 0 0 0 B
1 0 0 0 0 0 0 0 0 B
3 0 0 12 0 0 2 85 1 B
3 0 0 2 0 0 26 14196 5 B
2 0 0 1 0 0 4 134 4 B
2 0 0 3 2 0 8 193 5 B
4 0 0 0 0 0 0 0 0 B
2 123 74 104 4 18000 19161 3328792 360 B
1 0 0 0 0 0 0 0 0 B
3 0 0 2 0 0 15 6672 3 B
3 0 0 8 0 0 50 40038 8 B
3 0 0 33 2 5 20 5900 14 B
2 0 0 24 0 0 277 81263 26 B
2 0 0 0 0 0 0 0 0 B
2 7 0 4 0 0 20 23278 6 B
1 0 0 0 0 0 0 0 0 B
2 2 1 0 0 0 456 148333 29 B
2 0 0 324 1 244 3 30 1 B
3 1 0 69 0 30 2 350 1 B
3 1 0 21 11 148 173 201347 18 B
3 0 0 0 0 0 2 89 0 B
2 0 0 44 0 0 5 1761 3 B
1 0 0 5 1 0 2 106 1 B
1 0 0 0 0 0 0 0 0 B
2 1 0 83 50 59 63 86608 16 B
4 0 0 1 0 0 2 1861 2 B
1 323 0 4 0 5 877 198150 51 B
5 0 0 0 0 0 329 188057 11 B
3 0 0 1 0 0 5 339 4 B
1 0 0 0 0 0 0 0 0 B
1 0 0 0 0 0 0 0 0 B
3 0 0 1 0 0 7 1653 4 B
3 0 0 3 0 0 3 813 2 B
2 419 275 142 1 4348 19693 4689210 1049 B
5 0 0 4 0 2 5 4416 2 B
3 0 0 9 4 8 3 493 2 B
2 0 0 0 0 0 1 4 0 B
3 0 0 1 0 0 4 1302 2 B
1 24 4 3 0 4 24 9771 6 B
4 0 0 16 0 78 1 320 1 B
3 0 0 112 0 36 4 188 3 B
1 0 0 152 2 8 22 3036 10 B
2 0 0 5 0 0 40 21381 11 B
3 0 0 9 0 1 70 43646 9 B
3 0 1 6 0 1 6 2956 1 B
1 24 6 7 0 20 463 212492 8 B
1 0 0 6 0 2 147 28769 28 B
2 0 0 0 0 0 2 35 0 B
2 3 0 10 0 0 6 12341 3 B
1 0 0 0 0 0 0 0 0 B
3 0 0 6 1 0 37 11846 9 B
2 0 0 44 0 0 5 1761 3 B
2 0 0 26 0 7 3 491 3 B
0 34 6 0 0 0 0 0 0 B
2 780 82 119 0 2621 24049 1938487 278 B
2 0 0 45 0 6 4 3254 4 B
3 0 0 3 0 0 4 55 2 B
1 0 0 27 3 21 20 29319 5 B
2 1 8 49 0 6 400 73952 17 B
0 9 13 493 6 46 986 482819 275 B
3 0 0 0 0 0 0 0 0 B
1 0 0 1 0 0 39 25763 9 B
3 1 0 18 0 149 58 65064 13 B
2 0 0 32 0 0 4 435 2 B
1 3 0 20 26 72 171 144743 14 B
2 0 0 0 0 0 1 4 0 B
0 38 25 205 1 157 2924 1703454 226 B
3 0 0 148 27 4075 41 16655 5 B
1 0 0 24 0 0 277 81263 26 B
2 0 0 33 0 2 20 41470 4 B
1 2 0 20 26 72 116 116601 11 B
3 0 0 1 0 0 34 15024 4 B
2 0 0 25 24 0 2 36 1 B
0 237 26 0 0 0 0 0 0 B
0 4 0 5 1 23 55914 9053583 569 B
1 0 0 24 0 0 24 3283 6 B
2 0 0 0 0 0 4 1220 2 B
0 0 0 0 0 0 0 0 0 B
1 0 1 22 0 7 2513 1409410 1186 B
0 3 7 1 0 0 1097 931064 53 B
3 1 1 0 0 0 0 0 0 B
2 0 0 4 0 1 2 148 1 B
3 0 0 3 0 0 3 36 1 B
2 0 0 0 0 0 0 0 0 B
0 31 13 104 4 18000 4935 933117 65 B
2 0 0 0 0 0 1 32 0 B
0 16 4 41 0 21 54 21864 58 B
2 0 3 0 0 0 0 0 0 B
6 0 0 0 0 0 1 17 1 B
2 0 0 0 0 0 0 0 0 B
2 0 0 2 0 0 20 37150 6 B
0 0 4 39 0 4 84033 12131686 1818 B
1 0 0 0 0 0 1 11 0 B
0 111 21 78 0 214 4223 3131400 329 B
1 3 9 0 0 0 0 0 0 B
1 0 0 2 0 3 10 22793 7 B
3 0 0 5 0 0 2 24 1 B
2 0 0 5 0 0 33 10803 10 B
3 0 0 0 0 0 1 7 0 B
0 1 0 2 0 0 11593 1948587 214 B
0 172 73 104 4 18000 6747 692197 69 B
1 5 0 0 0 0 0 0 0 B
2 0 0 108 0 12 3 39 1 B
2 0 0 4 0 0 2 64 1 B
0 9 6 2 0 0 224 70954 17 B
1 0 0 0 0 0 1 3 0 B
2 0 0 8 0 0 3 423 2 B
3 2 6 21 0 8 19 11542 10 B
1 0 0 1 0 0 3 65 1 B
0 178 25 8 0 4 70 67601 52 B
3 0 0 0 0 0 2 60 1 B
1 228 7 5 0 1 1998 545865 91 B
0 0 0 65 1 9 13804 4203098 431 B
0 0 0 40 0 16 17 48045 6 B
3 0 0 7 0 0 2 25 1 B
1 0 0 43 0 11 8 618 1 B
2 0 0 7 0 0 139 34794 24 B
3 0 0 16 1 0 1 63 1 B
1 0 0 7 0 0 4 682 2 B
1 0 0 2 2 0 2 10 1 B
0 2 6 21 0 8 19 11542 10 B
3 2 0 0 0 0 0 0 0 B
2 0 0 6 0 0 40 21423 5 B
1 0 0 32 0 0 2 7 1 B
1 0 0 0 0 0 2 81 1 B
1 0 0 2 0 0 2 16 1 B
2 0 0 0 0 0 2 301 0 B
2 0 0 0 0 0 1 7 0 B
2 0 0 6 0 0 2 9 1 B
1 0 0 0 0 0 2 234 1 B
3 0 0 0 0 0 1 9 0 B
3 0 0 0 0 0 1 2 0 B
1 0 0 0 0 0 2 9 0 B
2 0 0 4 0 1 24 38311 4 B
2 0 0 8 0 0 8 550 3 B
2 0 0 2 0 0 63 86608 16 B
2 0 0 0 0 0 1 89 0 B
1 0 0 0 0 0 0 0 0 B
2 0 0 0 0 0 4 1220 2 B
1 0 0 0 0 0 1 10 1 B
2 1 0 18 0 149 58 65063 13 B
3 0 0 0 0 0 1 3 0 B
1 4 1 128 0 97 738 262771 42 B
2 0 0 0 0 0 0 0 0 B
1 1 0 1 0 36 2 50 1 B
2 0 0 83 50 59 94 34782 16 B
2 0 0 0 0 0 0 0 0 B
2 0 0 0 0 0 1 3 0 B
2 0 0 0 0 0 2 136 1 B
2 0 0 11 0 0 16 3944 4 B
2 0 0 0 0 0 1 21 0 B
2 0 0 5 0 0 2 24 1 B
3 0 0 1 0 0 34 1200 4 B
2 0 0 0 0 0 2 20 0 B
3 0 0 1 0 0 7 1653 4 B
5 0 1 1 0 0 4 1150 3 B
1 0 0 43 0 59 8 2781 3 B
3 0 0 3 0 0 2 6 1 B
2 0 0 4 0 0 2 22 1 B
3 0 0 3 0 1 6 469 2 B
2 0 0 0 0 0 0 0 0 B
2 0 0 43 0 2 5 43 1 B
1 0 0 11 0 0 29 4422 10 B
2 554 54 0 0 0 18792 2535790 401 B
1 0 0 4 0 0 2 64 1 B
3 0 0 40 0 16 17 48045 6 B
2 2 6 21 0 8 19 11542 10 B
2 0 0 2 0 0 20 37150 6 B
3 0 0 44 0 26 2 248 1 B
2 0 0 0 0 0 1 6 0 B
2 0 0 33 0 2 20 41470 4 B
1 0 0 24 0 0 24 3283 6 B
3 0 0 1 0 0 7 1653 4 B
3 0 0 0 0 0 2 118 1 B
2 0 0 503 0 58 3 117 2 B
2 0 0 1 0 0 2 156 1 B
2 0 0 0 0 0 2 22 0 B
1 0 0 43 0 59 8 2781 3 B
3 0 0 4 0 0 813 161578 32 B
3 0 0 0 0 0 2 60 1 B
3 0 0 108 0 12 1 918 1 B
3 0 1 0 0 0 2 258 1 B
1 0 8 3 0 0 12 7718 3 B
3 0 0 8 0 0 3 193 2 B
2 0 0 2 0 0 20 37150 6 B
2 0 0 9 1 1 2 392 1 B
3 0 0 0 0 0 2 29 0 B
2 0 0 0 0 0 1 7 0 B
1 0 0 3 0 0 72 19371 7 B
3 0 0 8 0 0 3 723 1 B
2 0 0 23 5 6 12 7010 5 B
3 0 0 6 0 0 3 54 1 B
1 1 1 190 1 2854 6 724 2 B
3 0 0 6 0 0 3 54 1 B
2 0 0 0 0 0 1 3 0 B
2 0 0 7 0 12 3 122 1 B
1 1 0 39 5 46 73 29509 9 B
1 0 0 24 0 0 277 81261 26 B
1 0 3 125 0 15 3 234 3 B
3 0 0 16 1 0 1 63 1 B
2 2 6 21 0 8 19 11542 10 B
0 0 0 0 0 0 0 0 0 B
1 0 0 1 0 0 1180 177467 27 B
2 0 0 7 0 0 4 28 4 B
2 0 0 0 0 0 0 0 0 B
2 0 0 0 0 0 3 126 2 B
0 0 0 0 0 0 2 54 1 B
1 31 13 104 4 18000 4916 930806 64 B
1 0 0 0 0 0 3 135 1 B
0 0 0 0 0 0 2 412 1 B
2 0 0 182 0 35 4 95 3 B
2 0 0 12 12 2 15580 835331 71 B
2 0 1 0 0 0 0 0 0 B
2 350 28 0 0 0 0 0 0 B
1 0 0 0 0 0 0 0 0 B
2 0 0 5 0 0 3 1103 2 B
2 0 0 1 0 0 3 332 2 B
2 0 0 9 0 0 2 153 1 B
1 0 0 0 0 0 0 0 0 B
2 0 0 28 0 2 56 10945 4 B
2 1 3 0 0 0 0 0 0 B
1 0 0 0 0 0 0 0 0 B
3 1 0 138 3 1486 2 311 2 B
2 58 16 0 0 0 0 0 0 B
1 0 0 0 0 0 0 0 0 B
2 0 0 0 0 0 0 0 0 B
3 0 0 83 50 59 139 24615 7 B
2 0 0 2 0 0 6 5303 4 B
3 0 0 0 0 0 27 8697 8 B
1 0 0 0 0 0 0 0 0 B
2 13 0 0 0 0 0 0 0 B
3 0 0 1 0 0 2 1850 2 B
2 0 0 1 0 2 258 47285 5 B
2 1 0 41 0 744 806 83213 35 B
1 0 0 0 0 0 0 0 0 B
2 1 0 21 0 236 1795 148047 49 B
2 0 0 399 0 58 3 1286 4 B
2 0 0 167 13 48 2 205 2 B
2 0 0 0 0 0 1 4 0 B
5 0 0 7 0 0 9 1387 2 B
2 2 0 21 0 10 4 94 1 B
1 1 1 19 0 6 67 6966 49 B
1 3 5 10 0 18 4 1565 1 B
1 1 0 80 1 33 12 25948 4 B
1 0 0 152 2 8 22 3032 10 B
2 0 0 4 0 0 3 324 2 B
3 0 0 0 0 0 0 0 0 B
2 0 0 0 0 0 2 35 0 B
2 5 1 1 0 0 27759 4923465 235 B
1 0 6 76 3 19 7 3092 2 B
3 0 0 7 0 0 252 76444 16 B
2 0 0 1 0 1 10 2930 3 B
2 0 3 67 0 5 5 324 4 B
1 0 0 13 0 0 4 3593 2 B
2 0 0 26 0 7 3 491 3 B
2 23 23 57 0 8 247 216631 12 B
3 0 0 10 3 1 2 95 1 B
2 1 0 18 0 88 2 685 1 B
3 0 0 0 0 0 0 0 0 B
2 0 0 0 0 0 1 11 0 B
1 0 0 0 0 0 0 0 0 B
1 0 0 14 0 4 4 4981 2 B
2 0 0 10 0 0 24 4305 6 B
1 1 0 0 0 0 0 0 0 B
3 0 0 1 0 0 29 20415 12 B
2 0 0 0 0 0 1 25 0 B
1 326 5 0 0 0 0 0 0 B
1 0 1 0 0 0 0 0 0 B
1 0 0 0 0 0 0 0 0 B
1 0 2 16 0 4 102 483619 32 B
2 0 0 1 0 1 34 5938 3 B
3 0 0 104 24 1197 2 725 1 B
1 8 17 29 4 6596 23 4323 4 B
2 0 0 0 0 0 2 29 1 B
3 0 0 3 0 1 1 446 1 B
1 0 0 3 0 0 3 597 1 B
2 0 0 0 0 0 0 0 0 B
3 0 0 91 3 44 7 3392 2 B
1 0 2 133 0 12 2 128 1 B
2 0 0 2 0 0 20308 861602 119 B
2 0 2 17 0 1 5 228 3 B
1 0 0 20 0 7 10 2800 6 B
3 2 0 77 0 7878 3030 1177748 88 B
3 0 0 1 0 0 3 548 1 B
2 0 0 0 0 0 0 0 0 B
2 0 5 0 0 0 70 32320 12 B
4 0 0 2 0 0 2 206 1 B
2 9 1 1 0 11 13 3476 5 B
2 0 0 1 0 1 2905 1152151 107 B
2 0 0 4 0 0 2 106 1 B
2 1 1 25 0 118 609 247309 22 B
2 0 0 4 0 0 4 379 3 B
1 1 0 0 0 0 75 39443 12 B
2 0 0 367 4 124 16 11895 5 B
1 0 0 84 26 139 2 64 1 B
2 0 0 70 0 6 1 166 1 B
0 2 3 3 0 0 205219 164531741 7213 B
3 0 0 60 0 4 4 1355 2 B
1 0 0 69 0 174 2 186 2 B
0 0 0 83 50 59 9 3414 4 B
3 0 0 5 0 0 2 27 1 B
2 2 1 41 4 1159 2 1074 1 B
2 0 0 3 0 0 5 362 3 B
0 0 0 24 0 3 2905 1152136 107 B
4 0 0 8 0 0 6 522 2 B
4 0 0 3 0 1 6 469 2 B
0 7 7 43 0 9 1215 223978 36 B
2 0 0 6 0 0 2 9 1 B
4 0 0 3 0 1 6 469 2 B
1 1 0 20 0 0 22 5181 11 B
1 0 0 10 3 0 3 29 1 B
1 0 0 0 0 0 2 81 1 B
3 0 1 1 0 0 308 801615 41 B
1 0 0 0 0 0 2 234 1 B
2 0 0 5 0 0 3 424 2 B
1 0 1 0 0 0 0 0 0 B
1 1 0 1 0 36 2 50 1 B
3 0 0 0 0 0 1 75 0 B
1 0 0 0 0 0 0 0 0 B
2 0 0 7 0 0 4 28 4 B
2 0 0 0 0 0 1 39 0 B
2 0 0 0 0 0 2 13 1 B
1 0 0 0 0 0 2 81 1 B
1 0 0 2 0 0 2 985 1 B
2 0 0 6 0 0 2 9 1 B
1 0 0 0 0 0 2 234 1 B
2 1 0 8 0 0 9 9228 3 B
2 0 0 8 0 0 8 550 3 B
2 0 0 8 0 0 8 550 3 B
1 0 0 0 0 0 1 10 1 B
2 0 0 1 0 1 34 5938 3 B
2 0 0 0 0 0 0 0 0 B
2 0 0 0 0 0 2 29 1 B
2 0 0 0 0 0 54 37857 7 B
2 0 0 0 0 0 0 0 0 B
2 0 0 0 0 0 3 527 1 B
2 0 0 2 0 0 20307 861551 119 B
2 0 0 2 0 1 3 174 1 B
3 2 0 77 0 7877 3030 1177567 88 B
1 1 1 0 0 0 0 0 0 B
2 0 5 0 0 0 70 32315 12 B
1 0 0 0 0 0 1 35 0 B
2 0 0 1 0 1 2905 1151920 107 B
2 0 0 83 50 59 6564 1472529 239 B
2 0 0 4 0 0 4 378 3 B
2 0 0 1 0 0 3 212 1 B
1 0 0 84 26 139 2 64 1 B
2 0 0 0 0 0 338 114789 20 B