25000 4724 1
25000 4843 1
1902 290 2
1893 314 2
1870 503 3
1836 526 3
6691 736 4
6650 801 4
6213 1320 5
6194 1494 5
6675 632 6
6661 724 6
691 23 7
690 28 7
740 145 8
2091 179 8
4410 1387 9
4335 1526 9
291 13 10
722 166 10
2101 150 11
345 99 11
2101 51 12
290 13 12
579 215 13
565 249 13
345 90 14
2114 60 14
592 139 15
588 125 15
4990 46 16
4987 50 16
209 135 17
204 139 17
1251 2 18
1252 4 18
1612 31 19
535 65 19
795 9 20
223 23 20
539 64 21
898 16 21
62 9 22
795 9 22
898 12 23
60 14 23
752 16 24
182 2 24
224 22 25
368 15 25
368 12 26
1070 377 26
6502 22 27
6522 20 27
377 7 28
1613 29 28
103 19 29
759 16 29
1101 349 30
377 6 30
72 5 31
227 12 31
37 2 32
72 3 32
641 2 33
37 3 33
228 11 34
299 18 34
167 27 35
641 4 35
579 4 36
2 0 36
303 15 37
55 94 37
27 8 38
7 1 38
363 3 39
167 26 39
2 0 40
27 9 40
7 1 41
362 4 41
279 9 42
596 4 42
92 2 43
279 10 43
72 0 44
91 2 44
57 80 45
21 15 45
22 12 46
72 0 46
4150 29 47
52 43 47
104 36 48
171 33 48
18 18 49
75 28 49
61 11 50
4154 24 50
82 27 51
61 12 51
173 34 52
55 27 52
30 32 53
99 33 53
61 44 54
14 27 54
56 24 55
149 18 55
44 10 56
31 17 56
15 23 57
115 42 57
209 9 58
16 3 58
32 0 59
87 21 59
13 4 60
17 21 60
333 12 61
38 6 61
32 0 61
44 17 62
27 2 62
211 6 62
332 16 63
20 2 63
55 27 63
189 15 64
124 14 64
188 15 64
54 6 65
116 36 65
0 0 65
14 8 66
59 6 66
54 6 66
28 26 67
5 1 67
27 25 67
14 7 68
40 7 68
14 8 68
5 1 69
2 5 69
30 40 69
53 6 70
17 22 70
34 10 70
6 1 71
124 10 71
21 9 71
211 6 72
14 5 72
2 1 72
64 6 73
124 14 73
56 32 73
64 6 74
46 12 74
14 4 74
26 5 75
29 11 75
368 29 75
56 33 76
83 3 76
2 2 76
58 6 77
21 9 77
1476 49 77
14 8 78
13 3 78
83 5 78
34 12 79
13 4 79
31 30 79
30 36 80
89 4 80
2 4 80
535 66 81
1105 44 81
1108 38 81
103 25 82
461 12 82
102 25 82
461 13 83
461 13 83
115 43 83
111 3 84
111 2 84
110 37 84
94 2 85
112 3 85
112 41 85
14 7 86
94 2 86
94 2 86
58 1 87
58 1 87
12 7 87
19 14 88
98 35 88
58 1 88
14 8 89
152 19 89
14 7 89
31 6 90
20 13 90
21 6 90
62 9 91
2 2 91
21 6 91
12 6 92
19 14 92
18 27 92
19 24 93
5 1 93
97 40 93
12 7 94
38 5 94
97 40 94
31 5 95
21 6 95
29 4 95
29 4 96
31 15 96
62 7 96
44 10 97
64 9 97
8 2 97
20 2 98
38 6 98
36 8 98
20 1 99
31 5 99
18 27 99
8 2 100
20 2 100
28 3 100
76 38 101
368 28 101
8 7 101
43 10 102
0 0 102
0 0 102
2 2 103
6 1 103
83 5 103
43 7 104
16 2 104
1 1 104
78 36 105
18 2 105
31 18 105
6 0 106
40 7 106
27 3 106
1 1 107
80 31 107
13 2 107
58 6 108
7 8 108
371 23 108
7 7 109
6 2 109
16 1 109
49 3 110
70 6 110
6 2 110
0 0 111
4 1 111
43 6 111
3 1 112
65 6 112
325 6 112
47 1 113
21 9 113
0 1 113
49 4 114
324 6 114
135 12 114
5 1 115
179 10 115
1 2 115
1 2 116
323 5 116
38 2 116
14 4 117
34 10 117
135 17 117
3 1 118
16 1 118
28 0 118
17 1 119
5 1 119
5 1 119
47 1 120
89 18 120
17 2 120
0 2 121
45 6 121
3 2 122
280 9 122
28 1 123
2 2 123
0 2 123
26 5 124
15 1 124
36 3 124
2 1 125
39 4 125
34 2 126
2 1 126
358 59 126
424 2 127
2 5 127
88 21 128
49 3 128
39 5 128
17 1 129
2 1 129
28 1 129
36 3 130
4 5 130
8 9 130
2 5 131
27 3 131
0 2 131
3 1 132
19 2 132
9 0 132
135 17 133
9 0 133
69 7 133
30 6 134
13 1 134
69 6 134
5 3 135
13 2 135
1 4 135
30 6 136
1476 44 136
13 3 136
13 3 137
1477 25 137
9 0 137
2 1 138
16 13 138
8 9 138
28 14 139
7 4 139
21 6 139
2 0 140
22 4 140
5 4 140
2 4 141
19 4 141
2 1 141
69 6 142
1288 21 142
13 2 142
2 3 143
0 2 143
26 3 143
22 4 144
39 4 144
16 16 144
19 5 145
1287 17 145
2 4 145
14 5 146
28 14 146
1288 21 146
1 6 147
14 5 147
2 0 147
21 6 148
13 18 148
26 3 148
22 4 149
90 2 149
18 0 149
26 3 150
2 3 150
2 1 150
6 5 151
2 0 151
179 10 151
19 2 152
0 0 152
4 0 152
6 5 153
19 0 153
21 7 153
26 3 154
9 9 154
90 2 154
1 5 155
6 0 155
26 3 155
14 5 156
2 0 156
4 0 156
47 2 157
4 1 157
36 2 157
179 10 158
15 1 158
2 0 158
424 1 159
1 0 159
47 2 159
18 0 160
583 3 160
2 3 160
11 1 161
9 2 161
25 7 161
25 7 162
25 5 162
9 2 162
20 2 163
1 1 163
36 7 163
17 2 164
1 1 164
20 2 164
36 7 165
2 3 165
17 2 165
11 1 166
29 1 166
6 2 166
2 1 167
0 1 167
11 1 167
23 1 168
0 1 168
23 2 168
2 2 169
8 2 169
2 2 169
0 1 170
2 3 170
14 7 170
1 0 171
8 0 171
2 3 171
15 5 172
38 2 172
3 2 172
9 0 173
1 0 173
40 6 173
19 1 174
5 1 174
0 0 174
3 1 175
3 1 175
19 1 175
38 1 176
5 1 176
4 4 176
7 0 177
30 4 177
3 1 177
30 0 178
0 0 178
0 0 178
0 0 179
7 0 179
0 2 179
4 4 180
2 2 180
7 0 180
2 3 181
2 3 181
1 1 181
0 0 182
0 0 182
13 19 182
0 2 183
70 6 183
70 6 183
707 14 184
1 1 184
4 2 184
279 9 185
0 0 185
30 0 185
8 2 186
0 0 186
4 1 186
22 2 187
358 53 187
702 15 187
1 1 188
22 2 188
11 1 188
2 1 189
17 0 189
1 0 189
6 1 190
0 0 190
2 1 190
424 1 191
2 5 191
1 0 191
18 0 192
0 0 192
13 1 192
4 1 193
8 2 193
13 1 193
2 0 194
504 4 194
376 2 194
25 1 195
1 0 195
2 1 195
1 1 196
0 2 196
25 1 196
376 2 197
25 1 197
1 3 197
376 2 198
0 0 198
30 5 198
47 2 199
1 2 199
0 2 199
