5195 271 1
5234 154 1
5184 304 1
5226 169 1
5257 134 1
5226 152 1
5195 271 1
5210 210 1
5254 149 1
5204 239 1
5179 309 1
5202 252 1
5259 120 1
5195 270 1
5241 155 1
5175 349 1
5203 244 1
5205 226 1
5199 253 1
5208 216 1
5239 159 1
5205 217 1
5234 154 1
5223 183 1
5223 183 1
5242 158 1
5230 150 1
5219 193 1
5242 158 1
5223 182 1
5214 203 1
5199 260 1
5199 260 1
5219 203 1
5210 210 1
5195 281 1
5233 154 1
5224 177 1
2884 75 2
2881 92 2
2865 136 2
2881 106 2
2885 60 2
2866 126 2
2881 92 2
2877 119 2
2882 79 2
2866 126 2
2881 103 2
2866 126 2
2885 75 2
2877 120 2
2877 111 2
2883 63 2
2880 97 2
2879 109 2
2877 120 2
2881 100 2
2865 136 2
2880 103 2
2863 148 2
2861 149 2
2877 111 2
2880 103 2
2883 59 2
2880 103 2
2887 54 2
2882 92 2
2885 59 2
2883 63 2
2883 67 2
2870 121 2
2881 106 2
2881 106 2
2887 52 2
686 32 3
685 31 3
679 45 3
682 40 3
682 36 3
677 49 3
682 34 3
680 37 3
680 37 3
691 23 3
682 40 3
679 41 3
680 36 3
685 31 3
688 31 3
676 52 3
676 53 3
680 34 3
678 45 3
680 40 3
675 51 3
680 35 3
680 35 3
680 37 3
676 53 3
679 41 3
682 36 3
680 42 3
675 54 3
674 57 3
683 35 3
690 29 3
680 36 3
688 31 3
680 34 3
680 36 3
690 29 3
683 32 3
680 38 3
676 52 3
683 35 3
588 5 4
617 12 4
589 6 4
617 12 4
622 14 4
591 6 4
601 9 4
588 7 4
615 11 4
596 9 4
591 7 4
615 11 4
596 9 4
604 9 4
595 9 4
601 9 4
607 9 4
604 9 4
595 9 4
596 9 4
604 10 4
595 10 4
89 53 4
89 51 4
595 9 4
595 11 4
587 6 4
587 7 4
595 9 4
612 11 4
593 8 4
588 6 4
612 10 4
592 7 4
587 8 4
590 6 4
456 18 5
635 14 5
455 17 5
456 8 5
456 8 5
457 8 5
461 13 5
91 44 5
93 26 5
458 11 5
456 11 5
458 11 5
456 11 5
456 10 5
459 13 5
456 18 5
456 8 5
459 14 5
644 14 5
456 12 5
95 22 5
456 10 5
457 8 5
456 10 5
93 28 5
456 9 5
459 13 5
458 11 5
461 13 5
457 8 5
459 14 5
459 13 5
457 8 5
456 15 5
456 8 5
455 17 5
460 13 5
458 11 5
456 15 5
457 8 5
461 12 5
95 16 6
453 20 6
95 19 6
93 29 6
96 14 6
92 36 6
454 19 6
96 16 6
456 11 6
93 27 6
92 36 6
458 11 6
453 19 6
98 13 6
93 27 6
94 23 6
93 28 6
93 27 6
96 12 6
93 30 6
93 28 6
93 30 6
94 23 6
95 14 6
95 22 6
95 22 6
94 23 6
96 12 6
92 34 6
96 14 6
95 24 6
92 36 6
92 36 6
96 12 6
94 23 6
457 8 6
95 17 6
10 5 7
48 3 7
9 6 7
47 3 7
10 4 7
47 3 7
8 3 7
348 10 7
10 6 7
9 6 7
8 4 7
47 3 7
61 2 7
47 3 7
8 2 7
9 6 7
10 3 7
47 5 7
10 5 7
47 5 7
8 5 7
10 6 7
47 3 7
48 5 7
47 3 7
8 4 7
47 3 7
348 10 7
47 3 7
8 4 7
9 5 7
10 5 7
8 4 7
10 6 7
61 2 7
348 3 8
10 5 8
48 3 8
9 6 8
47 3 8
349 2 8
349 2 8
48 3 8
47 1 8
8 2 8
47 3 8
349 2 8
61 5 8
348 7 8
47 3 8
348 7 8
61 2 8
349 2 8
8 5 8
47 1 8
349 2 8
349 2 8
47 3 8
61 1 8
347 12 8
347 13 8
47 3 8
47 1 8
47 4 8
348 3 8
8 2 8
349 1 8
47 5 9
47 1 9
61 1 9
9 5 9
47 4 9
8 5 9
349 2 9
349 1 9
61 5 9
349 1 9
47 1 9
348 2 9
349 0 9
47 5 9
8 5 9
61 2 9
61 5 9
61 1 9
8 5 9
8 5 9
349 2 9
8 2 9
8 2 9
48 1 9
349 2 9
61 2 9
349 2 9
61 2 9
47 5 9
61 1 9
47 4 9
61 2 9
48 2 9
47 5 9
61 1 10
348 2 10
61 2 10
61 2 10
61 5 10
349 0 10
61 5 10
61 1 10
348 2 10
61 4 10
61 4 10
61 2 10
61 1 10
349 0 10
61 5 10
349 0 10
349 0 10
61 3 10
61 4 10
61 2 10
61 3 10
61 3 10
349 0 10
61 4 10
61 3 10
349 0 10
349 0 10
349 0 10
349 0 10
61 2 10
61 2 10
61 2 10
61 2 10
61 5 10
61 5 10
37 2 11
40 3 11
37 1 11
48 4 11
56 4 11
40 3 11
43 4 11
43 4 11
39 1 11
37 3 11
50 4 11
39 2 11
48 4 11
51 4 11
46 4 11
46 4 11
37 1 11
38 1 11
43 4 11
46 4 11
46 4 11
43 4 11
46 4 11
42 3 11
39 1 11
43 4 11
37 1 11
43 4 11
48 3 11
42 3 11
51 4 11
43 4 11
43 4 11
49 3 11
42 3 11
37 2 11
373 1 12
372 3 12
372 7 12
372 1 12
372 3 12
372 4 12
372 1 12
372 3 12
372 4 12
372 4 12
372 3 12
373 1 12
372 3 12
372 1 12
371 10 12
372 4 12
372 7 12
372 2 12
91 19 12
372 3 12
371 10 12
372 3 12
373 1 12
372 3 12
91 22 12
372 4 12
373 1 12
372 7 12
372 6 12
372 3 12
372 7 12
373 1 12
372 1 12
372 1 12
372 6 12
372 7 12
372 1 12
372 7 12
372 3 12
371 1 12
94 19 13
0 2 13
85 32 13
91 22 13
87 25 13
373 1 13
87 24 13
85 47 13
85 38 13
93 24 13
87 25 13
93 24 13
89 20 13
87 25 13
91 22 13
85 32 13
24 6 13
92 24 13
87 25 13
85 45 13
24 8 13
373 1 13
85 30 13
85 44 13
85 31 13
84 57 13
85 45 13
24 8 13
91 21 13
0 2 13
85 45 13
0 2 13
85 31 13
87 25 13
9 16 13
91 19 13
87 24 13
88 20 13
92 24 13
0 2 13
93 24 13
373 1 13
87 25 13
84 34 14
0 2 14
80 60 14
1 5 14
0 2 14
24 8 14
80 61 14
0 2 14
0 2 14
0 2 14
0 2 14
24 9 14
9 16 14
7 18 14
0 2 14
24 8 14
83 4 14
0 2 14
9 16 14
0 2 14
0 2 14
0 4 14
0 2 14
79 72 14
24 6 14
1 5 14
0 4 14
24 9 14
0 2 14
0 2 14
1 5 14
0 2 14
0 2 14
0 2 14
84 34 14
80 61 14
165 3 14
115 2 15
0 2 15
24 9 15
115 2 15
115 2 15
0 2 15
0 7 15
9 16 15
115 2 15
7 18 15
0 1 15
24 8 15
80 59 15
165 3 15
1 4 15
2 2 15
24 8 15
7 21 15
7 18 15
24 8 15
0 2 15
83 4 15
24 8 15
24 6 15
165 3 15
84 3 15
1 4 15
0 2 15
0 2 15
115 2 15
24 9 15
165 2 15
0 4 15
83 4 15
0 2 15
83 4 16
165 2 16
165 3 16
114 2 16
24 10 16
12 10 16
114 2 16
12 10 16
165 3 16
165 3 16
13 2 16
0 10 16
7 16 16
0 8 16
42 16 16
9 13 16
7 17 16
0 11 16
165 3 16
26 1 16
7 17 16
12 8 16
10 11 16
115 2 16
0 4 16
9 15 16
0 8 16
12 9 16
0 1 16
84 3 16
0 4 16
7 17 16
24 10 16
115 2 16
87 21 16
1 4 16
0 4 16
24 7 17
0 12 17
0 10 17
0 1 17
2 3 17
165 3 17
80 37 17
24 6 17
0 9 17
165 1 17
24 6 17
165 2 17
115 2 17
13 4 17
0 10 17
12 8 17
0 10 17
0 3 17
0 9 17
0 10 17
0 9 17
8 2 17
24 7 17
165 2 17
83 3 17
80 42 17
0 9 17
87 27 17
39 17 17
0 10 17
83 33 17
87 21 17
83 4 17
0 10 17
87 21 17
115 2 17
12 8 17
0 9 17
13 4 17
13 1 18
38 14 18
24 6 18
8 4 18
14 1 18
82 36 18
0 3 18
88 22 18
115 2 18
0 9 18
14 1 18
87 21 18
38 14 18
14 1 18
83 4 18
0 9 18
165 2 18
165 3 18
84 4 18
1 3 18
14 1 18
115 2 18
115 2 18
84 3 18
53 1 18
24 6 18
165 2 18
9 1 18
0 2 18
8 5 18
84 3 18
24 7 18
8 4 18
86 26 18
24 3 18
0 4 18
25 5 18
82 36 18
115 2 19
24 6 19
24 3 19
1 3 19
24 1 19
1 3 19
0 1 19
10 13 19
0 1 19
3 5 19
9 1 19
84 3 19
165 2 19
165 2 19
8 1 19
0 1 19
115 2 19
38 19 19
3 5 19
165 2 19
165 2 19
0 1 19
39 3 19
24 3 19
10 13 19
40 16 19
165 2 19
24 6 19
24 3 19
0 9 19
24 8 19
0 1 19
0 1 19
0 1 19
24 1 19
3 5 19
41 16 19
5 2 19
41 13 19
24 3 19
8 4 19
9 1 19
9 1 19
24 1 20
83 3 20
10 13 20
84 3 20
0 4 20
83 3 20
14 1 20
84 3 20
24 3 20
0 1 20
83 4 20
24 6 20
165 2 20
1 3 20
0 1 20
41 15 20
83 3 20
53 1 20
24 2 20
0 2 20
0 1 20
0 1 20
0 1 20
8 4 20
38 19 20
84 3 20
24 3 20
35 34 20
14 1 20
86 26 20
38 19 20
165 2 20
2 2 20
0 1 20
9 1 20
0 1 20
13 4 20
13 4 20
14 1 20
3 5 21
24 6 21
84 3 21
1 4 21
1 3 21
165 2 21
24 2 21
8 4 21
83 3 21
41 16 21
10 11 21
8 4 21
0 1 21
0 1 21
25 5 21
3 5 21
0 1 21
83 3 21
0 2 21
83 3 21
24 6 21
3 3 21
24 1 21
25 5 21
9 2 21
0 1 21
24 6 21
83 4 21
83 4 21
25 2 21
8 4 21
84 3 21
24 3 21
8 4 21
24 3 21
9 1 21
10 11 21
14 1 21
83 3 22
0 1 22
24 3 22
83 4 22
0 2 22
24 3 22
9 13 22
24 3 22
83 3 22
24 3 22
83 3 22
13 5 22
24 1 22
39 3 22
24 1 22
0 1 22
0 1 22
24 3 22
24 2 22
26 1 22
84 1 22
8 4 22
4 2 22
165 2 22
8 4 22
4 2 22
80 42 22
0 1 22
165 2 22
80 42 22
8 2 22
24 1 22
24 1 22
0 1 22
0 1 22
25 5 22
165 2 22
12 1 22
13 1 23
81 38 23
85 30 23
8 3 23
83 3 23
8 4 23
86 26 23
24 3 23
38 13 23
83 3 23
3 5 23
165 1 23
5 2 23
83 3 23
24 3 23
8 4 23
165 2 23
12 0 23
8 4 23
8 4 23
165 1 23
83 3 23
24 1 23
0 1 23
12 7 23
24 3 23
165 1 23
8 4 23
8 4 23
12 8 23
8 4 23
24 1 23
0 1 23
8 3 23
2 3 23
2 1 23
165 2 23
12 7 23
10 11 23
12 8 23
3 5 24
10 10 24
0 3 24
81 37 24
8 4 24
13 1 24
2 3 24
8 4 24
8 4 24
41 14 24
10 10 24
35 26 24
35 27 24
0 1 24
85 34 24
24 3 24
14 2 24
0 1 24
2 3 24
26 1 24
2 3 24
24 1 24
8 1 24
13 1 24
87 22 24
0 1 24
14 2 24
8 4 24
1 4 24
8 4 24
13 1 24
2 3 24
35 29 25
24 0 25
2 3 25
35 29 25
13 1 25
13 1 25
0 1 25
13 1 25
165 2 25
165 1 25
8 4 25
2 3 25
13 3 25
2 3 25
8 1 25
13 0 25
165 1 25
14 1 25
44 1 25
0 1 25
14 1 25
3 5 25
14 1 25
12 1 25
5 0 25
13 4 25
165 2 25
12 1 25
165 2 25
2 3 25
14 2 25
165 2 25
28 1 26
24 2 26
41 1 26
3 3 26
3 2 26
24 3 26
3 3 26
47 1 26
8 2 26
25 1 26
3 2 26
0 0 26
50 1 26
24 1 26
0 1 26
24 2 26
8 1 26
2 3 26
83 3 26
13 3 26
13 3 26
0 2 26
3 3 26
24 2 26
2 3 26
3 3 26
0 1 26
2 3 26
14 1 26
0 1 26
25 2 26
2 0 26
47 1 26
24 2 26
26 1 26
165 2 26
14 1 26
2 3 27
0 0 27
59 1 27
39 3 27
25 2 27
14 1 27
8 0 27
40 1 27
40 1 27
2 0 27
2 3 27
0 1 27
3 2 27
35 1 27
5 0 27
36 1 27
8 1 27
14 1 27
2 3 27
0 1 27
8 1 27
5 0 27
8 1 27
59 1 27
8 2 27
14 1 27
12 1 27
14 2 27
13 3 27
0 1 27
3 2 27
0 1 27
8 2 27
0 1 27
25 2 27
2 3 27
5 0 28
2 3 28
14 1 28
14 1 28
30 0 28
14 1 28
3 2 28
3 2 28
3 2 28
5 0 28
0 0 28
5 0 28
2 1 28
5 0 28
8 1 28
0 1 28
13 3 28
0 1 28
8 1 28
4 1 28
39 2 28
30 1 28
5 0 28
2 3 28
44 1 28
0 1 28
13 3 28
44 1 28
3 2 28
5 3 28
0 1 28
0 1 28
13 3 28
5 0 28
0 0 29
0 0 29
30 0 29
2 0 29
5 3 29
30 1 29
2 0 29
23 1 29
5 0 29
0 0 29
0 1 29
8 1 29
13 3 29
2 0 29
3 2 29
0 0 29
5 0 29
59 0 29
2 1 29
1 2 29
5 2 29
14 1 29
2 0 29
1 2 29
14 1 29
2 1 29
3 2 29
0 0 29
0 1 29
1 1 29
0 0 29
23 1 29
26 1 29
59 0 29
5 0 29
30 1 29
5 3 29
27 1 29
3 2 29
20 1 30
13 3 30
15 2 30
0 1 30
2 0 30
3 2 30
0 0 30
5 3 30
2 1 30
1 1 30
2 0 30
9 0 30
0 1 30
8 1 30
0 1 30
13 3 30
15 2 30
5 2 30
0 1 30
59 0 30
2 0 30
2 1 30
3 2 30
114 0 30
0 0 30
0 0 30
2 1 30
2 1 30
20 2 30
3 2 30
2 0 30
0 0 30
5 0 30
0 0 30
3 2 30
0 0 31
2 1 31
2 0 31
0 1 31
0 0 31
39 2 31
5 0 31
26 1 31
2 1 31
0 0 31
20 0 31
5 2 31
9 0 31
0 0 31
26 1 31
7 3 31
5 3 31
14 1 31
7 1 31
2 1 31
14 1 31
0 1 31
0 1 31
0 1 31
39 2 31
0 1 31
114 0 31
1 2 31
0 1 31
20 1 31
40 2 31
0 1 31
2 1 31
2 1 31
24 1 31
0 1 31
0 1 31
13 0 32
7 3 32
9 0 32
38 16 32
7 3 32
20 0 32
7 3 32
1 2 32
2 0 32
0 0 32
13 0 32
9 1 32
0 0 32
1 2 32
114 0 32
1 1 32
1 2 32
39 2 32
114 0 32
2 0 32
20 1 32
0 0 32
0 1 32
39 2 32
1 2 32
15 2 32
0 0 32
38 16 32
15 2 32
0 0 32
0 1 32
0 1 32
0 1 32
7 3 32
8 1 33
8 1 33
7 3 33
0 1 33
13 0 33
2 0 33
1 2 33
1 2 33
0 1 33
1 2 33
13 3 33
0 1 33
9 1 33
0 1 33
9 0 33
7 3 33
39 3 33
1 2 33
15 2 33
0 0 33
2 0 33
2 0 33
0 1 33
1 2 33
20 1 33
39 2 33
1 1 33
0 1 33
1 2 33
9 1 33
13 0 33
0 1 33
13 0 33
39 3 33
1 1 34
9 1 34
2 0 34
114 0 34
5 3 34
0 0 34
9 2 34
114 0 34
114 0 34
9 1 34
0 1 34
9 1 34
15 2 34
8 1 34
0 1 34
5 2 34
1 2 34
1 2 34
5 0 34
1 2 34
0 1 34
20 1 34
39 2 34
9 1 34
1 2 34
13 3 34
5 2 34
1 1 34
9 1 34
1 2 34
9 1 34
39 2 34
114 0 34
0 1 34
9 1 34
15 2 34
114 0 34
1 1 35
12 0 35
5 3 35
13 4 35
0 0 35
39 2 35
39 2 35
1 2 35
0 1 35
2 0 35
114 0 35
13 3 35
24 0 35
14 2 35
9 1 35
13 4 35
2 0 35
13 3 35
0 1 35
40 2 35
15 2 35
39 2 35
0 1 35
20 1 35
9 1 35
40 2 35
0 0 35
7 3 35
9 1 35
2 0 35
5 2 35
1 2 35
39 1 35
13 4 35
114 0 35
1 1 35
5 3 35
114 0 35
0 0 36
13 4 36
0 0 36
0 0 36
39 2 36
13 3 36
30 0 36
39 2 36
0 0 36
14 2 36
13 4 36
13 4 36
66 2 36
39 3 36
24 0 36
20 1 36
9 1 36
0 1 36
14 2 36
2 0 36
30 0 36
114 0 36
20 1 36
5 3 36
8 1 36
62 0 36
8 1 36
0 0 36
114 0 36
0 0 36
2 0 36
8 1 36
39 2 36
1 2 36
30 0 36
14 2 37
8 1 37
0 0 37
6 0 37
14 2 37
39 2 37
0 0 37
62 1 37
1 2 37
6 0 37
1 2 37
0 0 37
0 0 37
19 2 37
13 0 37
0 0 37
1 2 37
10 1 37
114 0 37
14 2 37
13 3 37
5 2 37
30 0 37
14 1 37
8 1 37
6 1 37
30 0 37
9 1 37
6 0 37
62 1 37
1 2 37
39 2 37
59 0 37
66 3 38
59 0 38
1 2 38
13 4 38
2 0 38
0 0 38
19 2 38
62 1 38
0 0 38
14 2 38
0 0 38
40 0 38
20 2 38
14 2 38
114 0 38
66 3 38
5 2 38
0 0 38
0 0 38
1 1 38
6 1 38
9 1 38
1 0 38
39 2 38
12 0 38
20 1 38
0 0 38
0 0 38
62 1 38
59 0 38
0 0 38
114 0 38
0 1 38
5 2 38
0 0 38
0 1 38
39 2 38
2 0 39
0 2 39
0 0 39
0 1 39
0 1 39
62 1 39
0 1 39
30 0 39
0 0 39
6 0 39
30 0 39
30 0 39
0 0 39
0 0 39
114 0 39
19 2 39
0 1 39
14 1 39
2 0 39
2 1 39
6 0 39
62 1 39
14 1 39
1 1 39
0 0 39
0 1 39
39 2 39
14 2 39
39 3 39
0 0 39
59 0 39
0 0 39
2 0 39
0 0 39
0 0 39
0 0 40
0 0 40
0 0 40
30 0 40
65 1 40
0 0 40
5 3 40
20 1 40
1 1 40
14 2 40
0 0 40
14 1 40
0 0 40
2 0 40
0 0 40
0 0 40
0 0 40
7 1 40
14 1 40
2 0 40
8 0 40
19 2 40
20 1 40
6 1 40
1 1 40
0 0 40
19 2 40
6 1 40
0 1 40
20 1 40
1 2 40
2 1 40
114 0 40
6 1 40
30 0 40
20 1 40
0 0 40
66 2 40
14 1 40
66 2 40
20 1 41
0 0 41
5 2 41
14 2 41
2 1 41
0 0 41
0 0 41
14 1 41
26 1 41
30 0 41
30 0 41
13 0 41
26 1 41
0 0 41
26 1 41
13 1 41
30 0 41
0 0 41
0 0 41
2 1 41
30 0 41
0 0 41
6 1 41
0 0 41
0 0 41
0 2 41
0 0 41
0 0 41
0 1 41
6 1 41
6 1 41
0 0 41
30 0 41
2 1 41
2 1 41
0 0 42
67 3 42
26 2 42
6 1 42
114 0 42
66 3 42
30 0 42
5 0 42
7 1 42
5 0 42
30 0 42
5 0 42
0 1 42
30 0 42
62 1 42
30 0 42
0 0 42
0 0 42
2 1 42
0 0 42
5 2 42
26 2 42
38 16 42
0 1 42
2 1 42
0 0 42
20 1 42
0 1 42
1 1 42
59 0 42
0 0 42
62 1 42
0 0 42
0 0 43
0 0 43
0 0 43
1 1 43
59 0 43
114 0 43
26 2 43
0 2 43
0 0 43
2 1 43
30 0 43
0 1 43
2 1 43
0 0 43
0 0 43
0 0 43
0 0 43
0 0 43
26 2 43
8 1 43
0 0 43
14 1 43
13 0 43
0 0 43
59 0 43
0 0 43
0 0 43
0 0 43
0 0 43
62 1 43
5 2 43
13 0 43
59 0 43
0 0 43
30 0 43
0 0 43
38 18 43
0 0 43
0 0 43
5 0 44
0 0 44
19 2 44
0 0 44
7 0 44
62 1 44
8 1 44
2 1 44
2 1 44
2 0 44
7 0 44
7 0 44
0 0 44
38 16 44
62 1 44
0 0 44
13 1 44
0 1 44
59 0 44
19 2 44
1 1 44
38 16 44
30 0 44
0 0 44
0 0 44
0 0 44
0 0 44
62 1 44
0 0 44
8 0 44
0 0 44
0 0 44
0 0 44
0 0 44
30 0 44
0 0 44
0 0 44
59 0 44
13 1 44
2 0 45
8 1 45
2 0 45
5 0 45
13 0 45
8 1 45
59 0 45
0 0 45
59 0 45
0 0 45
0 0 45
0 0 45
59 0 45
0 0 45
30 0 45
0 1 45
0 0 45
0 0 45
62 1 45
0 0 45
0 0 45
0 0 45
59 0 45
0 0 45
0 0 45
0 0 45
2 0 45
0 0 45
0 0 45
0 0 45
38 16 45
2 0 45
0 0 46
0 0 46
59 0 46
0 1 46
0 0 46
0 0 46
0 0 46
0 0 46
59 0 46
0 0 46
0 0 46
0 0 46
0 0 46
15 0 46
5 0 46
62 1 46
0 0 46
0 0 46
62 1 46
0 0 46
7 0 46
0 0 46
19 2 46
0 0 46
0 0 46
62 1 46
59 0 46
2 0 46
2 2 46
0 0 46
0 0 46
0 0 46
7 0 46
59 0 46
19 2 46
62 1 47
0 0 47
0 0 47
59 0 47
2 0 47
5 0 47
0 0 47
0 0 47
0 0 47
0 0 47
59 0 47
62 1 47
0 0 47
0 0 47
0 0 47
7 0 47
62 0 47
59 0 47
2 0 47
0 0 47
0 0 47
62 1 47
0 0 47
59 0 47
2 0 47
0 0 47
0 0 47
0 0 47
0 0 47
0 0 47
0 0 47
0 0 47
2 2 47
8 1 48
0 0 48
5 0 48
0 0 48
0 0 48
0 0 48
0 0 48
0 0 48
5 0 48
5 0 48
2 0 48
14 1 48
0 0 48
59 0 48
15 0 48
0 0 48
59 0 48
0 0 48
7 0 48
5 0 48
5 0 48
2 0 48
2 2 48
2 0 48
0 0 48
8 1 48
5 0 48
7 0 48
2 2 48
2 0 48
0 0 48
7 0 48
0 0 48
0 0 48
0 0 48
0 0 49
0 0 49
7 0 49
0 0 49
5 0 49
7 0 49
0 0 49
2 2 49
2 2 49
13 1 49
2 2 49
0 0 49
0 0 49
0 0 49
2 0 49
0 0 49
2 0 49
2 1 49
13 0 49
2 1 49
0 0 49
4 1 49
0 0 49
0 0 49
19 2 49
0 0 49
2 0 49
0 0 49
4 1 49
7 0 49
0 0 50
0 0 50
0 1 50
14 0 50
26 0 50
10 1 50
0 0 50
0 0 50
0 0 50
7 0 50
10 1 50
0 0 50
59 0 50
0 0 50
0 0 50
2 0 50
7 0 50
0 0 50
62 0 50
7 0 50
0 0 50
10 1 50
62 1 50
0 0 50
0 0 50
1 2 50
2 2 50
0 0 50
0 0 50
0 0 50
14 0 50
5 0 50
13 0 50
1 0 51
0 0 51
59 0 51
10 1 51
1 0 51
0 0 51
0 0 51
0 0 51
0 0 51
2 2 51
13 0 51
0 1 51
0 2 51
5 0 51
0 0 51
2 2 51
10 1 51
7 0 51
0 0 51
65 0 51
5 0 51
5 0 51
0 0 51
5 0 51
2 0 51
5 0 51
7 0 51
2 0 51
2 0 51
59 0 51
10 1 51
0 0 51
0 0 51
0 0 51
2 2 51
0 0 51
10 1 52
59 0 52
0 0 52
1 0 52
0 0 52
0 0 52
5 0 52
0 0 52
0 0 52
4 1 52
2 2 52
4 2 52
5 0 52
7 0 52
0 0 52
65 0 52
5 0 52
5 0 52
0 0 52
13 0 52
10 1 52
5 0 52
0 0 52
0 0 52
0 0 52
1 0 52
13 0 52
5 0 52
1 0 52
2 0 52
1 0 52
5 0 52
0 0 52
0 0 52
0 0 52
6 0 53
0 0 53
4 1 53
0 0 53
0 0 53
62 0 53
62 0 53
0 0 53
10 1 53
62 0 53
0 0 53
64 0 53
10 1 53
19 0 53
0 0 53
0 0 53
2 2 53
1 2 53
0 0 53
0 0 53
0 0 53
0 0 53
13 0 53
0 0 53
0 0 53
5 0 53
0 0 53
2 2 53
0 0 53
5 0 53
7 0 53
4 1 53
1 0 53
5 0 53
2 2 53
62 0 53
0 0 53
64 0 54
2 0 54
0 0 54
6 0 54
5 0 54
2 0 54
2 2 54
2 2 54
0 0 54
0 0 54
1 0 54
2 0 54
2 0 54
0 0 54
62 0 54
4 1 54
2 2 54
2 2 54
10 1 54
5 0 54
1 0 54
2 0 54
13 0 54
1 0 54
0 0 54
0 0 54
0 0 54
2 2 54
1 2 54
6 0 54
0 0 54
19 0 54
5 0 54
5 0 54
6 0 54
2 1 54
5 0 54
2 2 54
2 2 55
19 0 55
5 0 55
2 1 55
2 2 55
2 2 55
2 0 55
1 0 55
10 1 55
0 0 55
1 0 55
62 0 55
0 0 55
1 0 55
1 0 55
2 0 55
0 0 55
1 0 55
2 1 55
1 2 55
19 0 55
10 1 55
1 0 55
0 0 55
5 0 55
2 0 55
1 0 55
2 2 55
0 0 55
2 0 55
0 0 56
1 0 56
1 0 56
2 0 56
0 0 56
2 0 56
13 0 56
0 0 56
0 0 56
0 0 56
2 0 56
0 0 56
64 0 56
19 0 56
6 0 56
2 0 56
0 0 56
2 0 56
0 0 56
1 0 56
1 0 56
0 0 56
13 0 56
19 0 56
10 1 56
13 0 56
9 0 56
2 0 56
0 0 56
0 0 56
0 1 56
0 0 56
1 0 56
2 0 56
0 0 56
19 0 56
2 0 56
62 0 56
8 0 56
0 0 57
0 0 57
0 0 57
0 0 57
0 0 57
0 0 57
64 0 57
26 0 57
0 0 57
2 1 57
19 0 57
1 0 57
2 0 57
0 0 57
0 0 57
0 0 57
0 0 57
0 0 57
0 0 57
0 0 57
26 0 57
6 0 57
2 0 57
9 0 57
0 0 57
2 1 57
9 0 57
19 0 57
0 0 57
0 0 57
8 0 57
62 0 57
1 0 57
0 0 57
0 0 57
0 0 57
0 0 58
0 0 58
0 0 58
1 0 58
1 0 58
0 0 58
5 0 58
0 0 58
2 1 58
0 0 58
5 0 58
0 0 58
62 0 58
8 0 58
0 0 58
0 0 58
0 0 58
0 0 58
0 0 58
0 0 58
0 0 58
62 0 58
0 0 58
0 0 58
0 0 58
62 0 58
26 0 58
0 0 58
19 0 58
62 0 58
26 0 58
0 0 58
1 0 58
19 0 58
0 0 58
0 0 58
0 0 59
0 0 59
2 0 59
0 0 59
5 0 59
0 0 59
2 1 59
1 2 59
1 0 59
0 0 59
1 2 59
0 0 59
0 0 59
1 0 59
0 0 59
0 0 59
2 0 59
57 1 59
0 0 59
0 0 59
2 1 59
26 0 59
0 0 59
26 0 59
64 0 59
0 0 59
0 0 59
0 0 59
2 1 59
64 0 59
1 2 59
0 0 59
0 0 60
0 0 60
0 0 60
0 0 60
0 0 60
0 0 60
26 0 60
0 0 60
0 0 60
0 0 60
5 0 60
0 0 60
1 0 60
5 0 60
0 0 60
0 0 60
0 0 60
0 0 60
9 0 60
64 0 60
0 0 60
5 0 60
0 0 60
0 0 60
0 2 60
0 0 60
1 0 60
10 0 60
1 0 60
2 1 60
19 0 60
0 0 60
26 0 60
0 0 60
0 0 60
0 0 60
5 0 60
0 0 60
1 0 60
0 0 60
0 0 61
26 0 61
13 0 61
0 0 61
0 0 61
5 0 61
0 0 61
0 0 61
0 0 61
62 0 61
0 0 61
0 0 61
0 0 61
0 0 61
0 0 61
5 0 61
0 0 61
0 0 61
0 0 61
0 0 61
0 0 61
26 0 61
0 0 61
0 0 61
0 0 61
0 0 61
0 0 61
0 0 61
0 0 61
0 0 61
0 0 61
0 0 61
1 0 61
0 0 61
26 0 61
0 0 61
9 1 61
1 0 61
0 0 62
0 0 62
0 0 62
0 0 62
26 0 62
0 0 62
0 0 62
0 0 62
1 0 62
1 0 62
1 0 62
5 0 62
0 0 62
0 0 62
0 0 62
26 0 62
0 0 62
8 1 62
1 0 62
0 0 62
0 0 62
0 0 62
1 0 62
0 0 62
68 0 62
0 0 62
1 0 62
0 0 62
0 0 62
0 0 62
0 0 62
0 0 62
0 0 62
0 0 62
1 0 63
4 0 63
1 0 63
0 0 63
0 0 63
0 0 63
0 0 63
0 0 63
1 0 63
1 0 63
19 0 63
0 0 63
0 0 63
19 0 63
5 0 63
0 0 63
26 0 63
13 0 63
10 0 63
0 0 63
13 0 63
68 0 63
1 0 63
0 0 63
1 0 63
68 0 63
0 0 63
0 0 63
0 0 63
5 0 63
0 0 63
0 0 63
0 0 63
1 0 63
0 0 63
0 0 63
13 0 63
5 0 63
0 0 63
0 0 64
82 0 64
0 0 64
19 0 64
0 0 64
4 0 64
0 0 64
0 0 64
0 0 64
19 0 64
8 0 64
4 0 64
8 0 64
1 0 64
2 0 64
1 0 64
0 0 64
0 0 64
0 0 64
1 0 64
1 0 64
10 1 64
1 0 64
0 0 64
0 0 64
26 0 64
0 0 64
0 0 64
62 0 64
1 0 64
0 0 64
2 0 64
10 0 64
19 0 65
0 0 65
0 0 65
64 0 65
8 0 65
88 0 65
1 0 65
26 0 65
0 0 65
2 0 65
19 0 65
75 0 65
5 0 65
0 0 65
72 0 65
0 0 65
1 0 65
0 0 65
1 0 65
19 0 65
0 0 65
2 0 65
0 0 65
0 0 65
0 0 65
0 0 65
8 0 65
0 0 65
2 0 65
0 0 65
1 0 65
8 0 65
19 0 66
0 0 66
2 0 66
0 0 66
128 1 66
0 0 66
82 0 66
0 0 66
0 0 66
0 0 66
0 0 66
128 1 66
0 0 66
0 0 66
0 0 66
0 0 66
0 0 66
1 0 66
19 0 66
19 0 66
0 0 66
0 0 66
0 0 66
64 0 66
19 0 66
19 0 66
0 0 66
0 0 66
2 0 66
128 0 66
0 0 66
0 0 67
0 0 67
5 0 67
0 0 67
65 0 67
88 0 67
12 0 67
1 0 67
0 0 67
0 0 67
64 0 67
0 0 67
0 0 67
88 0 67
0 0 67
1 0 67
1 0 67
128 1 67
0 0 67
5 0 67
1 0 67
0 0 67
0 0 67
1 0 67
0 0 67
2 0 67
0 0 67
0 0 67
0 0 67
0 0 67
129 1 67
2 0 67
128 1 67
0 0 67
5 0 67
1 0 67
19 0 67
0 0 67
0 0 67
0 0 68
26 0 68
12 0 68
0 0 68
0 0 68
0 0 68
0 0 68
65 0 68
2 0 68
1 0 68
0 0 68
1 0 68
0 0 68
0 0 68
16 0 68
14 0 68
0 0 68
0 0 68
110 0 68
0 0 68
0 0 68
0 0 68
2 0 68
0 0 68
0 0 68
0 0 68
0 0 68
0 0 68
2 0 68
2 0 68
1 0 68
2 0 68
0 0 68
0 0 68
0 0 68
1 0 69
0 0 69
0 0 69
5 0 69
5 0 69
0 0 69
0 0 69
2 0 69
0 0 69
92 0 69
2 0 69
14 0 69
0 0 69
0 0 69
106 0 69
0 0 69
2 0 69
2 0 69
0 0 69
0 0 69
65 0 69
0 0 69
0 0 69
0 0 69
0 0 69
64 0 69
0 0 69
0 0 69
0 0 69
0 0 69
0 0 69
0 0 69
65 0 69
0 0 69
0 0 69
0 0 69
0 0 69
92 0 69
0 0 69
65 0 69
0 0 69
0 0 69
0 0 69
2 0 70
65 0 70
1 0 70
13 0 70
1 0 70
0 0 70
0 0 70
0 0 70
0 0 70
65 0 70
5 0 70
0 0 70
0 0 70
1 0 70
0 0 70
0 0 70
14 0 70
0 0 70
2 0 70
13 0 70
0 0 70
0 0 70
2 0 70
14 0 70
13 0 70
1 0 70
65 0 70
0 0 70
0 0 70
2 0 70
64 0 70
1 0 70
2 0 70
0 0 71
0 0 71
1 0 71
1 0 71
0 0 71
65 0 71
0 0 71
5 0 71
0 0 71
19 0 71
0 0 71
0 0 71
2 0 71
0 0 71
0 0 71
0 0 71
0 0 71
0 0 71
0 0 71
0 0 71
0 0 71
0 0 71
2 0 71
4 0 71
0 0 71
0 0 71
0 0 71
2 0 71
1 0 71
1 0 71
1 0 71
0 0 71
2 0 72
2 0 72
2 0 72
0 0 72
0 0 72
0 0 72
2 0 72
0 0 72
2 0 72
4 0 72
0 0 72
1 0 72
5 0 72
0 0 72
0 0 72
0 0 72
0 0 72
1 0 72
0 0 72
0 0 72
1 0 72
0 0 72
0 0 72
0 0 72
0 0 72
0 0 72
2 0 72
0 0 72
2 0 72
2 0 72
0 0 72
0 0 72
0 0 72
1 0 72
0 0 72
0 0 72
0 0 72
0 0 73
0 0 73
0 0 73
0 0 73
1 0 73
0 0 73
0 0 73
65 0 73
2 0 73
0 0 73
0 0 73
0 0 73
0 0 73
13 0 73
9 0 73
0 0 73
4 0 73
1 0 73
0 0 73
2 0 73
0 0 73
5 0 73
0 0 73
0 0 73
0 0 73
0 0 73
65 0 73
0 0 73
0 0 73
65 0 73
0 0 73
14 0 73
13 0 73
9 0 73
1 0 73
0 0 73
0 0 73
0 0 73
2 0 74
14 0 74
2 0 74
0 0 74
2 0 74
43 0 74
14 0 74
0 0 74
19 0 74
0 0 74
0 0 74
0 0 74
0 0 74
0 0 74
65 0 74
0 0 74
0 0 74
9 0 74
46 0 74
4 0 74
0 0 74
0 0 74
14 0 74
0 0 74
102 0 74
2 0 74
0 0 74
65 0 74
19 0 74
0 0 74
0 0 74
21 0 74
0 0 74
0 0 74
0 0 75
0 0 75
0 0 75
0 0 75
0 0 75
10 0 75
0 0 75
0 0 75
0 0 75
48 0 75
0 0 75
2 0 75
0 0 75
0 0 75
0 0 75
1 0 75
0 0 75
10 0 75
5 0 75
4 0 75
1 0 75
65 0 75
0 0 75
4 0 75
0 0 75
0 0 75
0 0 75
48 0 75
31 0 75
48 0 75
0 0 75
10 0 75
0 0 76
0 0 76
4 0 76
0 0 76
2 0 76
0 0 76
0 0 76
0 0 76
18 0 76
18 0 76
65 0 76
0 0 76
0 0 76
4 0 76
0 0 76
0 0 76
0 0 76
0 0 76
4 0 76
0 0 76
0 0 76
38 0 76
4 0 76
43 0 76
0 0 76
1 0 76
0 0 76
2 0 76
0 0 76
0 0 76
0 0 76
0 0 76
0 0 76
0 0 76
0 0 76
20 1 76
0 0 77
0 0 77
0 0 77
0 0 77
9 0 77
0 0 77
10 0 77
9 0 77
0 0 77
1 0 77
0 0 77
0 0 77
4 0 77
0 0 77
38 0 77
0 0 77
2 0 77
0 0 77
0 0 77
10 0 77
2 0 77
0 0 77
39 0 77
25 0 77
0 0 77
2 0 77
2 0 77
2 0 77
0 0 77
0 0 77
0 0 77
0 0 77
0 0 77
0 0 77
0 0 77
0 0 77
0 0 77
0 0 77
0 0 78
1 0 78
9 0 78
2 0 78
0 0 78
31 0 78
32 0 78
0 0 78
10 0 78
1 0 78
2 0 78
0 0 78
0 0 78
0 0 78
1 0 78
0 0 78
9 0 78
0 0 78
38 0 78
1 0 78
10 0 78
0 0 78
0 0 78
0 1 78
2 0 78
43 0 78
0 0 78
0 0 78
0 0 78
2 0 78
0 0 78
0 0 78
0 0 78
10 0 78
10 0 78
1 0 78
1 0 78
2 0 78
2 0 78
0 0 79
0 0 79
29 0 79
10 0 79
67 0 79
0 0 79
0 0 79
2 0 79
0 0 79
0 0 79
0 0 79
0 0 79
0 0 79
0 0 79
0 0 79
0 0 79
0 0 79
0 0 79
4 0 79
0 0 79
0 0 79
0 0 79
0 0 79
13 1 79
1 0 79
67 0 79
0 0 79
2 0 79
0 0 79
0 1 79
0 0 79
2 0 79
2 0 79
0 0 79
2 0 79
0 0 79
0 0 79
2 0 79
2 0 79
0 0 79
0 0 79
10 0 80
2 0 80
0 0 80
1 0 80
10 0 80
0 0 80
10 0 80
1 0 80
0 0 80
0 0 80
0 0 80
0 0 80
19 0 80
0 0 80
5 0 80
1 0 80
1 0 80
0 0 80
0 0 80
0 0 80
0 0 80
2 0 80
0 0 80
1 0 80
0 0 80
0 0 80
0 0 80
0 0 80
0 0 80
10 0 80
10 0 80
2 0 80
0 0 81
0 0 81
0 0 81
0 0 81
2 0 81
0 0 81
0 0 81
2 0 81
0 0 81
57 0 81
0 0 81
1 0 81
1 0 81
0 0 81
1 0 81
58 0 81
0 0 81
0 0 81
0 0 81
2 0 81
2 0 81
5 0 81
2 0 81
0 0 81
0 0 81
0 0 81
0 0 81
0 0 81
0 0 81
0 0 81
1 0 81
19 0 81
0 0 81
1 0 81
57 0 81
58 0 81
2 0 81
0 0 81
0 0 82
0 0 82
65 0 82
0 0 82
0 0 82
2 0 82
1 1 82
0 0 82
0 0 82
0 0 82
0 0 82
0 0 82
1 0 82
0 0 82
0 0 82
0 0 82
2 0 82
2 0 82
0 0 82
1 1 82
0 0 82
0 0 82
0 0 82
0 0 82
0 0 82
1 0 82
1 0 82
0 0 82
0 0 82
0 0 82
1 0 82
1 1 82
0 0 82
0 0 82
0 0 82
0 0 82
2 0 82
0 0 83
0 0 83
0 0 83
0 0 83
0 0 83
0 0 83
0 0 83
0 0 83
19 0 83
0 0 83
0 0 83
0 0 83
0 0 83
0 0 83
0 0 83
0 0 83
0 0 83
0 0 83
1 0 83
0 0 83
0 0 83
0 0 83
0 0 83
0 0 83
0 0 83
0 0 83
0 0 83
0 0 83
0 0 83
0 0 83
0 0 83
0 0 83
1 0 83
0 0 83
0 0 83
0 0 83
0 0 83
0 0 83
1 0 83
0 0 84
0 0 84
0 0 84
0 0 84
0 0 84
19 0 84
0 0 84
0 0 84
0 0 84
0 0 84
0 0 84
0 0 84
0 0 84
0 0 84
0 0 84
0 0 84
0 0 84
0 0 84
13 0 84
13 0 84
0 0 84
4 0 84
0 0 84
0 0 84
0 0 84
0 0 84
0 0 84
1 0 84
1 1 84
0 0 84
0 0 84
0 0 84
0 0 84
0 0 85
0 0 85
0 0 85
0 0 85
19 0 85
0 0 85
0 0 85
0 0 85
0 2 85
0 0 85
0 0 85
1 1 85
0 0 85
0 0 85
0 0 85
2 0 85
2 0 85
0 0 85
0 0 85
0 0 85
4 0 85
0 0 85
0 0 85
0 0 85
0 0 85
0 0 85
0 0 85
0 0 85
0 0 85
0 0 85
0 0 85
0 2 85
0 0 86
0 0 86
0 0 86
0 0 86
0 0 86
0 0 86
0 2 86
0 0 86
0 0 86
0 0 86
0 0 86
0 0 86
0 0 86
1 1 86
0 0 86
0 0 86
0 0 86
0 0 86
0 0 86
1 0 86
0 0 86
1 1 86
0 0 86
0 0 86
0 0 86
10 0 86
0 0 86
0 0 86
1 0 86
10 0 86
0 0 86
126 0 86
0 0 86
0 0 86
0 0 86
0 0 86
0 0 86
0 0 86
0 0 86
0 0 86
0 0 86
0 0 86
0 0 87
0 0 87
0 0 87
0 0 87
0 0 87
2 0 87
10 0 87
2 0 87
0 0 87
1 1 87
0 0 87
0 0 87
1 1 87
0 0 87
0 2 87
0 0 87
0 1 87
0 0 87
1 1 87
0 0 87
0 0 87
10 0 87
0 0 87
0 0 87
0 0 87
0 0 87
0 0 87
35 34 87
127 0 87
0 0 87
0 0 87
0 0 87
0 0 87
0 0 88
0 0 88
0 0 88
0 0 88
0 0 88
0 0 88
0 0 88
0 0 88
0 0 88
0 0 88
0 0 88
0 0 88
0 2 88
0 0 88
0 0 88
0 0 88
0 0 88
0 0 88
0 0 88
0 0 88
10 0 88
4 0 88
0 0 88
1 0 88
4 0 88
0 0 88
0 0 88
0 0 88
2 0 88
0 0 88
0 0 88
126 0 88
0 0 88
0 0 88
0 2 88
0 0 88
0 2 88
0 0 88
0 0 89
10 0 89
0 0 89
0 0 89
0 0 89
0 0 89
0 0 89
4 0 89
0 0 89
0 0 89
0 0 89
0 0 89
0 0 89
0 2 89
0 0 89
0 0 89
0 0 89
0 0 89
4 0 89
0 0 89
0 0 89
0 0 89
0 0 89
0 0 89
0 0 89
0 2 89
0 0 89
0 0 89
0 0 89
0 0 89
0 0 89
0 0 89
0 0 89
0 0 89
0 0 89
0 0 89
0 0 89
0 0 90
19 0 90
0 2 90
0 0 90
19 0 90
0 2 90
0 0 90
0 0 90
0 0 90
0 0 90
0 0 90
0 0 90
0 0 90
0 0 90
0 0 90
0 0 90
0 0 90
1 0 90
0 0 90
0 0 90
0 0 90
0 0 90
0 0 90
0 0 90
0 0 90
0 0 90
0 0 90
0 0 90
126 0 90
127 0 90
0 0 90
0 0 90
0 0 90
0 0 90
0 2 90
0 0 90
0 0 90
0 0 90
0 0 90
0 0 91
19 0 91
0 0 91
0 0 91
0 0 91
0 0 91
0 0 91
0 0 91
0 0 91
0 0 91
0 0 91
0 0 91
4 0 91
0 0 91
1 0 91
0 0 91
0 2 91
0 0 91
0 2 91
0 0 91
0 0 91
0 0 91
0 0 91
0 0 91
0 0 91
0 0 91
1 0 91
1 0 91
0 0 91
3 3 91
0 2 91
0 0 91
0 0 91
0 0 91
0 0 91
0 0 91
0 0 91
0 0 91
1 0 91
2 0 92
2 0 92
0 0 92
0 0 92
0 0 92
2 0 92
0 0 92
0 0 92
0 0 92
0 0 92
10 0 92
4 0 92
19 0 92
0 0 92
3 5 92
0 0 92
19 0 92
0 0 92
0 0 92
0 0 92
0 0 92
0 0 92
0 0 92
0 0 92
0 0 92
0 0 92
0 0 92
0 0 92
10 0 92
0 0 92
0 0 92
0 0 92
0 0 92
0 0 92
0 0 92
0 0 93
0 0 93
2 0 93
0 0 93
0 0 93
0 2 93
0 0 93
0 0 93
0 0 93
0 0 93
0 2 93
0 0 93
0 0 93
1 0 93
0 0 93
0 0 93
4 0 93
0 0 93
0 0 93
0 0 93
0 0 93
1 0 93
127 0 93
1 0 93
0 0 93
38 18 93
37 18 93
0 0 93
0 0 93
0 0 93
0 0 93
0 0 93
1 0 94
0 0 94
0 0 94
0 0 94
0 0 94
0 0 94
1 0 94
1 0 94
0 0 94
0 0 94
0 0 94
1 0 94
2 0 94
0 0 94
0 0 94
0 0 94
4 0 94
0 0 94
0 1 94
4 0 94
2 0 94
1 0 94
0 0 94
0 0 94
0 0 94
0 0 94
0 0 94
0 0 94
0 0 94
0 0 94
0 0 94
0 0 94
0 0 94
0 0 94
0 0 95
128 0 95
0 0 95
0 0 95
0 0 95
0 0 95
2 0 95
0 2 95
0 0 95
1 0 95
0 0 95
0 0 95
0 0 95
0 0 95
0 0 95
0 0 95
0 0 95
3 5 95
0 0 95
0 0 95
0 0 95
0 0 95
0 0 95
0 0 95
0 0 95
0 0 95
0 0 95
0 0 95
0 0 95
0 0 95
0 0 95
0 0 95
0 0 96
0 0 96
0 0 96
0 0 96
0 0 96
0 0 96
0 0 96
1 0 96
0 0 96
0 0 96
0 0 96
0 0 96
0 0 96
0 0 96
0 0 96
0 0 96
0 0 96
0 0 96
0 0 96
0 0 96
0 0 96
0 0 96
1 0 96
0 0 96
0 0 96
0 0 96
0 0 96
0 0 96
0 0 96
2 0 96
0 0 96
0 0 96
0 0 96
0 0 96
0 1 97
0 1 97
1 0 97
4 0 97
0 0 97
4 0 97
0 0 97
0 0 97
0 1 97
0 0 97
0 1 97
0 1 97
0 0 97
0 0 97
0 0 97
0 0 97
0 0 97
0 0 97
0 0 97
1 0 97
0 0 97
0 0 97
0 0 97
0 1 97
0 0 97
0 0 97
0 0 97
0 0 97
0 0 97
0 0 97
0 0 97
0 0 97
0 0 98
1 0 98
0 0 98
0 0 98
0 0 98
0 0 98
0 0 98
0 0 98
0 0 98
0 0 98
0 0 98
0 0 98
0 0 98
0 0 98
0 0 98
0 0 98
0 0 98
0 0 98
0 0 98
0 0 98
0 0 98
0 0 98
0 0 98
0 0 98
0 0 98
0 0 98
2 0 98
0 0 99
0 0 99
0 0 99
4 0 99
0 0 99
0 0 99
0 0 99
0 0 99
1 0 99
0 0 99
0 0 99
0 0 99
3 0 99
0 0 99
0 0 99
0 0 99
0 0 99
1 0 99
0 0 99
1 0 99
4 0 99
0 0 99
0 0 99
0 0 99
0 0 99
0 1 99
1 0 99
1 0 99
3 2 99
4 0 99
3 0 99
0 0 99
0 0 99
3 2 99
0 0 99
3 0 99
0 0 99
1 0 100
0 0 100
1 0 100
0 0 100
0 0 100
0 0 100
0 0 100
225 33 100
0 0 100
0 0 100
0 0 100
1 0 100
0 0 100
0 0 100
0 0 100
0 0 100
0 0 100
0 0 100
1 0 100
0 0 100
0 0 100
0 0 100
0 0 100
1 0 100
0 0 100
0 0 100
1 0 100
0 0 101
0 0 101
0 0 101
225 33 101
0 0 101
0 0 101
0 0 101
1 0 101
0 0 101
2 0 101
2 0 101
0 0 101
0 0 101
0 0 101
2 0 101
1 0 101
0 0 101
0 0 101
0 0 101
0 0 101
2 0 101
1 0 101
0 0 101
0 0 101
0 0 101
0 0 101
0 0 101
1 0 101
0 0 101
4 0 101
0 0 101
0 0 101
2 0 101
2 0 101
0 0 101
0 0 101
0 0 101
0 0 101
0 0 101
0 0 101
1 0 101
0 0 102
0 0 102
229 17 102
1 0 102
0 0 102
0 0 102
0 0 102
0 0 102
0 0 102
0 0 102
0 0 102
0 0 102
0 0 102
0 0 102
0 0 102
0 0 102
2 0 102
0 0 102
0 0 102
0 0 102
3 0 102
0 0 102
0 0 102
0 0 102
0 0 102
0 0 102
0 0 102
0 0 102
0 0 102
0 0 102
0 0 102
0 0 102
0 0 103
0 0 103
0 0 103
0 0 103
0 0 103
0 0 103
0 0 103
3 5 103
3 5 103
0 0 103
0 0 103
3 5 103
4 0 103
0 0 103
0 0 103
0 0 103
3 2 103
0 0 103
1 0 103
0 0 103
0 0 103
0 0 103
0 0 103
0 0 103
0 0 103
4 0 103
3 5 103
0 0 103
0 0 103
0 0 103
91 22 103
1 0 104
0 0 104
1 0 104
0 0 104
0 0 104
225 23 104
0 0 104
0 0 104
0 0 104
2 0 104
0 0 104
0 0 104
1 0 104
0 0 104
0 0 104
0 0 104
3 5 104
0 0 104
3 5 104
1 0 104
78 77 104
0 0 104
1 0 104
1 0 104
1 0 104
0 0 104
0 0 104
1 0 104
0 0 104
1 0 104
2 0 104
0 0 104
0 0 104
0 0 104
41 13 105
3 5 105
2 0 105
0 0 105
1 0 105
3 5 105
0 0 105
0 0 105
3 5 105
0 0 105
3 5 105
0 0 105
0 0 105
0 0 105
2 0 105
0 0 105
2 0 105
2 0 105
0 0 105
0 0 105
0 0 105
3 5 105
0 0 105
0 0 105
0 0 105
0 0 105
0 0 105
1 0 105
0 0 105
3 5 105
2 0 105
0 0 106
0 0 106
2 0 106
0 0 106
0 0 106
0 0 106
0 0 106
2 0 106
0 0 106
0 0 106
2 0 106
2 0 106
0 0 106
2 0 106
0 0 106
2 0 106
0 0 106
2 0 106
1 0 106
2 0 106
0 0 106
0 0 106
0 0 106
0 0 106
2 0 106
0 0 106
1 0 106
1 0 106
0 0 106
2 0 106
0 0 106
0 0 107
0 0 107
0 0 107
1 0 107
0 0 107
0 0 107
1 0 107
0 0 107
0 0 107
0 0 107
225 24 107
0 0 107
1 0 107
1 0 107
0 0 107
0 0 107
1 0 107
0 0 107
1 0 107
1 0 107
0 0 107
1 0 107
1 0 107
0 0 107
0 0 107
1 0 107
225 24 107
0 0 107
0 0 107
1 0 107
0 0 107
0 0 107
0 0 107
0 0 107
0 0 108
1 0 108
1 0 108
225 24 108
1 0 108
1 0 108
0 0 108
0 0 108
2 0 108
225 24 108
0 0 108
1 0 108
0 0 108
1 0 108
0 0 108
87 25 108
3 5 108
0 0 108
0 0 108
3 5 108
0 0 108
1 0 108
225 26 108
0 0 108
0 0 108
0 0 108
0 0 108
1 0 108
1 0 108
1 0 108
0 0 108
0 0 109
1 0 109
222 77 109
0 0 109
0 0 109
85 32 109
0 0 109
0 0 109
0 0 109
1 0 109
0 0 109
82 38 109
0 0 109
1 0 109
0 0 109
1 0 109
2 0 109
85 32 109
0 0 109
0 0 109
0 0 109
0 0 109
0 0 109
2 0 109
85 32 109
0 0 110
225 28 110
224 42 110
0 0 110
1 0 110
0 0 110
0 0 110
1 0 110
225 28 110
0 0 110
1 0 110
80 48 110
0 0 110
80 42 110
0 0 110
0 0 110
1 0 110
1 0 110
0 0 110
224 42 110
1 0 110
0 0 110
80 48 110
225 28 110
1 0 110
0 0 110
38 16 110
80 48 110
86 27 110
0 0 110
223 49 111
0 0 111
0 0 111
1 0 111
223 51 111
0 0 111
224 40 111
223 49 111
0 0 111
0 0 111
0 0 111
222 57 111
1 0 111
0 0 111
80 37 111
0 0 111
0 0 111
222 65 111
0 0 111
0 0 111
0 0 111
0 0 111
223 49 111
0 0 111
224 40 111
1 0 112
0 0 112
0 0 112
0 0 112
222 80 112
0 0 112
0 0 112
222 80 112
0 0 112
0 0 112
0 0 112
0 0 112
0 0 112
0 0 112
0 0 112
0 0 112
0 0 112
0 0 112
0 0 112
0 0 113
0 0 113
0 0 113
0 0 113
222 62 113
0 0 113
0 0 113
0 0 113
0 0 113
223 45 113
0 0 113
1 0 113
1 0 113
0 0 113
222 57 113
0 0 113
0 0 113
0 0 114
0 0 114
85 50 114
222 58 114
0 0 114
0 0 114
223 56 114
0 0 114
0 0 114
0 0 114
78 72 115
1 0 115
1 0 115
1 0 115
223 51 115
1 0 115
222 81 116
0 0 116
222 80 116
0 0 116
218 98 117
0 0 117
0 0 117
0 0 117
0 0 118
0 0 118
216 96 119
0 0 119
0 0 119
